1022
1031
1046
1074
1075
1078
1079
1086
1091
1093
1095
1099
1101
1106
1115
1122
1124
1131
1136
1145
1146
1149
1153
1154
1157
1158
1159
1169
1171
1173
1174
1176
1179
1184
1187
1189
1190
1194
1204
1209
1212
1216
1217
1220
1226
1230
1233
1234
1238
1239
1241
1243
1245
1251
1252
1255
1256
1257
1258
1259
1260
1261
1262
1263
1264
1265
1266
1267
1269
1272
1273
1274
1275
1276
1278
1289
1290
1292
1293
1296
1298
1300
1301
1303
1307
1308
1309
1318
1327
1335
1346
1348
1352
1356
1360
1362
1364
1365
1366
1369
1371
1372
1374
1391
1394
1415
1418
1421
1432
1433
1443
1446
1467
1484
1490
1493
1507
1588
1724
1753
1803
405
518
542
598
613
617
624
676
680
698
736
748
756
758
759
769
771
803
829
834
870
879
898
933
937
940
973
977
990