1622
1624
1629
1758
1756
1755
1754
1753
1751
1750
1179
1578
1573
1379
1613
1781
1786
1388
1387
1382
1849
1817
1811
1812
1603
1606
1774
1771
1770
1551
1553
1552
1557
1558
1808
1495
1702
1706
1019
1238
1837
1834
1839
1713
1715
1719
1821
1583
1581
1584
1459
1858
1852
1857
1731
1733
1732
732
753
1597
1596
1598
1448
1841
1844
1798
1057
1696
1697
1474
1478
1873
1334
1615
1867
877
1535
1610
1096
1414
1324
1627
1799
1667
1666
1663
87
1653
1657
1430
1645
1647
1646
1642
1648
1513
1632
1633
1744
1562
1564
1714