1372
1424
1454
1501
1508
1550
1582
1584
1609
1613
1626
1627
1634
1641
1644
1646
1648
1662
1665
1667
1668
1670
1676
1678
1682
1683
1685
1689
1690
1691
1692
1695
1696
1697
1701
1702
1704
1710
1713
1715
1719
1722
1726
1727
1736
1737
1738
1740
1742
1743
1749
1751
1752
1753
1757
1765
1769
1770
1784
1788
1790
1793
1800
1801
1804
1809
1810
1811
1814
1818
1819
1828
1830
1831
1832
1835
1838
1839
1840
1853
1856
1857
1866
1867
1870
1874
1877
1881
1882
1886
1890
1892
1893
1894
1896
1897
1898
1900
1902
1904
1905
1906
1909
1910
1911
1918
1923
1935
1938
1941
1950
1951
398
526
641