777,1274457174
780,1274782931
782,1275338850
783,1275420163
785,1275519110
786,1275686732
787,1276188415
790,1277225276
792,1277415414
794,1277520435
795,1277719946
800,1277853963
805,1278460122
813,1278918850
815,1279224862
820,1279296032
826,1279696380
831,1280957116
844,1281629102
847,1281704490
851,1281967967
854,1282248285
855,1282834158
865,1283526425
872,1284515493
874,1284739263
877,1285152249
883,1285835909
884,1285924285
885,1285944207
888,1286371612
889,1286424961
890,1286438025
893,1286781355
904,1287521041
907,1287599239
913,1288075816
919,1288878201
921,1289206319
937,1290204746
961,1292947636
982,1296640378
1035,1301301410
1048,1302687632
1057,1304385381
1062,1305265815
1109,1308890898
1533,1344840623
2578,1473798632
