1006
1007
1013
1027
1028
1033
1034
1046
1049
1051
1052
1055
1058
1059
1060
1061
1063
1068
1069
1073
1074
1076
1083
1086
1087
1090
1091
1097
1101
1108
1109
1111
1117
1119
1124
1134
1136
1138
1139
1140
1141
1142
1144
1145
1146
1152
1154
1156
1159
1165
1168
1171
1174
1181
1185
1189
1190
1192
1194
1195
1203
1206
1208
1212
1264
1268
1270
1271
1299
335
418
603
662
690
719
720
722
731
734
735
737
738
741
742
746
749
750
758
763
764
766
769
772
774
782
783
785
787
790
792
794
795
796
800
804
813
814
820
822
831
844
846
854
855
861
867
870
874
880
881
882
884
888
893
897
898
902
904
907
913
919
921
937
957
958
961
962
963
975
976
981
983
985
994