1138
1174
1171
1007
1282
1142
1143
1140
1141
1146
1144
908
1090
809
808
800
804
909
1154
1156
1150
1153
1152
814
1124
1018
1012
1013
1239
994
1190
1192
938
937
821
820
822
796
795
794
792
790
799
798
1139
1136
1134
926
1006
712
921
831
839
784
785
782
783
789
1030
1034
1212
631
1107
1104
1103
1108
1109
913
846
844
750
754
758
1025
1027
1020
1028
500
1206
1203
636
1111
1117
1119
902
907
904
905
854
855
850
853
741
744
746
747
749
1051
1052
1055
1058
1059
1270
1271
977
976
975
1081
861
864
867
882
881
880
884
888
775
774
773
772
1042
1046
1049
1268
1264
965
961
962
963
874
870
893
897
898
1246
769
763
766
764
765
1076
1074
1073
1094
1095
1097
958
957
719
1069
1068
1061
1060
1063
1087
1086
1083
1082
335
993
992
999
731
733
735
734
737
738
465
464
1033
983
980
981
985
1208
1189
1185
1181
724
722
720
729
1165
1166
1160
1168
1169
1299
1291
797
1201