527,1253122463
530,1253524628
532,1253650186
534,1253731600
538,1254290421
540,1254434561
541,1254787487
542,1254794042
547,1255039301
551,1255407033
553,1255481238
558,1256429298
562,1256589928
566,1256794046
568,1257212315
570,1257662266
573,1257815159
577,1257964249
582,1258491400
583,1258498052
586,1258766293
587,1258845689
588,1258845839
589,1258944474
591,1258968937
596,1259103089
597,1259173139
600,1259619757
602,1259695506
603,1259695669
604,1259701318
606,1259716223
611,1260150466
614,1260228678
626,1260899673
628,1260928711
634,1261260797
642,1263347562
650,1263898783
654,1264201410
662,1265079438
670,1266016873
2578,1473798632
