555
554
551
550
510
689
688
687
681
682
626
651
658
692
693
691
696
698
542
543
541
547
544
549
413
368
59
537
535
534
533
532
530
539
538
420
425
426
524
529
436
558
612
615
519
518
511
512
516
623
622
627
624
684
683
3
508
506
507
501
633
635
637
638
604
607
606
601
600
609
608
467
489
488
487
485
484
483
482
481
480
611
614
498
499
495
496
490
491
493
591
669
668
665
664
311
630
678
677
672
673
647
718
717
710
593
597
596
599
447
644
648
708
586
587
582
588
589
456
457
656
655
568
121
579
572
570
576
574
469
468
466
460
709
569
562
563
566
567
640
472
473
470
471
477
479