330,1235525437
365,1238795761
367,1238804972
376,1239833459
377,1239992076
385,1240871887
404,1242665410
450,1246289341
463,1247490879
466,1247541912
468,1247593474
469,1247595028
470,1247595945
475,1247780366
477,1247857517
480,1248096809
481,1248097409
482,1248302693
484,1248383394
487,1248467880
490,1248892049
491,1248893470
492,1249014279
493,1249119658
495,1249323600
497,1249419089
498,1249420731
499,1249504340
504,1249666550
510,1250716422
511,1250721323
512,1250727067
513,1250943123
514,1251135868
515,1251205858
528,1253126814
530,1253524628
534,1253731600
542,1254794042
547,1255039301
604,1259701318
624,1260847028
2578,1473798632
