10
1002
1048
1050
1057
1062
1089
1100
1125
1163
1174
1179
1181
1184
1185
1189
1190
1192
1194
1197
1203
1206
1207
1208
1212
1214
1220
1222
1224
1236
1238
1241
1262
1264
1268
1269
1270
1271
1273
1277
1294
1300
1303
1305
1307
1311
1315
1316
1317
1318
1319
1323
1327
1331
1333
1334
1336
1338
1339
1340
1343
1344
1351
1352
1353
1354
1357
1358
1361
1367
1373
1374
1379
1380
1382
1384
1386
1387
1388
1391
1395
1403
1406
1412
1417
1419
1427
1431
1437
1439
1440
1448
1451
1463
1465
1466
1471
1474
1478
1483
1489
1490
1493
1494
1495
1496
1499
1501
1513
1514
1521
1522
1531
1533
1535
1536
1538
1540
1551
1553
1554
1557
1560
1561
1562
1573
1575
1576
1578
1581
1585
1590
1591
1596
1597
1602
1603
1606
1610
1613
1620
1622
1624
1625
1628
1629
1632
1641
1642
1643
1645
1646
1647
1648
1650
1655
1657
1659
1662
1663
1667
1670
1672
1673
1683
1694
1695
1696
1697
1699
1700
1702
1706
1713
1714
1719
1725
1732
1733
1744
1745
1750
1751
1753
1754
1755
1756
1765
1769
1770
1773
1774
1775
1776
1779
1781
1783
1785
1786
1789
1790
1791
1795
1797
1798
1799
1810
1811
1812
1813
1819
1821
1835
1836
1839
1843
1844
1847
1850
1851
1860
1861
1862
1863
1864
1870
1877
1878
1883
1888
1891
1892
1894
1895
1897
1900
1901
1906
1909
1910
1911
1913
1923
1926
1933
1939
1945
1950
1964
1966
1969
1973
1974
1984
1992
1999
2151
2155
2319
2787
2813
3105
366
445
463
492
513
515
602
642
649
653
675
697
705
732
752
780
786
87
876
877
973
978
982
984
986