1200
271
107
96
1622
1992
1625
1624
1629
1628
556
1191
1193
1759
1758
1756
1755
1754
1753
1751
1750
1176
1175
1174
1170
1179
1282
1578
1573
1572
1576
1575
1220
1340
1373
1374
1377
1379
1342
1343
1344
1345
1346
1501
1602
1972
1969
1964
1613
1769
1766
1147
1540
1781
1786
1388
1389
1384
1386
1387
1380
1382
1849
1815
1810
1811
1812
1819
1979
1601
1603
1974
1973
1606
1774
1771
1770
1773
1779
1778
1551
1553
1552
1557
1975
1397
1395
1253
1490
1620
1494
1495
1497
1499
1700
1701
1702
1706
1390
1125
1019
1236
1232
1238
1239
1433
1190
1192
1830
1831
1836
1837
1834
1835
1839
1953
827
1483
1481
1713
1715
1719
1718
1273
1222
1221
1229
1471
1821
927
1923
1926
786
1725
1583
1581
1584
1585
1212
1216
1214
1219
1728
1454
1459
1858
1851
1852
1857
1933
1939
1938
1730
1733
1732
732
751
756
1597
1596
1591
1590
1598
602
1206
1203
1353
1352
1448
1451
1843
1844
1946
1909
1906
1904
1945
1900
1901
1798
1050
1057
1696
1697
1695
1691
1699
1270
1271
1277
1493
1474
1478
1305
1307
1496
1877
1874
1873
1870
1878
973
1918
1911
1910
657
1048
1683
1269
1268
1263
1262
1264
1913
1465
1466
1317
1316
1315
1311
1319
1318
1334
1331
1615
1861
1860
1863
1862
1864
1867
1536
877
1535
1247
899
1246
1968
1619
1966
1789
1783
1610
1679
1670
1672
1673
1096
1419
1411
1412
1413
1414
1417
1322
1323
1321
1326
1327
1324
1328
1252
1521
1522
1627
1894
1895
1897
1891
1799
716
1791
1797
1796
1795
2179
1062
1667
1666
1663
1662
1089
1408
1403
1400
1406
1339
1338
1335
442
1337
1336
1333
1241
642
1533
1538
1888
1887
1883
87
1659
1657
1655
1984
1437
1432
1430
1431
1439
1503
1506
1504
1505
1509
1645
1647
1646
1641
1643
1642
1648
1427
1358
1351
1357
1355
1354
1514
1510
1513
1440
1560
1208
1986
1632
1982
1981
1638
1988
1189
1184
1185
1182
1181
721
1744
1746
1161
1163
1489
1367
1292
1293
1562
1291
1564
1297
1294
1201
1714
1361