2251
2265
2266
2405
2433
2470
2507
2582
2606
2614
2657
2767
2769
2778
2788
2793
2828
2832
2873
2878
2885
2924
2933
2937
2941
2970
2989
3002
3013
3014
3017
3018
3020
3031
3033
3035
3039
3045
3046
3049
3050
3051
3058
3060
3066
3070
3071
3072
3073
3074
3078
3081
3082
3084
3085
3093
3095
3096
3097
3098
3100
3101
3105
3106
3107
3108
3110
3112
3114
3115
3120
3122
3135
3137
3144
3145
3147
3149
3150
3153
3154
3155
3156
3158
3161
3167
3168
3171
3172
3173
3186
3189
3191
3192
3193
3194
3198
3200
3202
3203
3205
3206
3208
3210
3212
3223
3239
3241
3243
3249
3250
3252
3253
3255
3256
3261
3262
3264
3267
3270
3271
3286
3290
3292
3297
3302
3303
3304
3305
3310
3313
3316
3318
3319
3320
3322
3323
3324
3327
3328
3329
3331
3335
3345
3349
3354
3355
3360
3361
3364
3369
3374
3375
3379
3380
3384
3385
3389
3393
3395
3405
3410
3412
3414
3420
3424
3425
3428
3432
3435
3455
3458
3461
3466
3468
3479
3487
3491
3494
3495
3497
3504
3917
4646