1001
1025
1029
1054
1061
1067
1088
1091
1097
1116
1120
1121
1141
1156
1158
1165
1168
1184
1185
1193
1197
1201
1224
1227
1248
1260
1263
1284
1289
1308
1321
1326
1328
1350
1360
1367
1375
1376
1380
1384
1388
1397
1400
1401
1406
1413
1421
1424
1427
1434
1441
1457
1478
1482
1483
1500
1501
1535
1550
1558
1597
1641
1665
1667
1668
1678
1691
1737
1814
1877
1880
1911
20
28
386
425
434
438
457
466
485
497
525
550
557
580
645
646
650
670
674
677
678
679
680
685
689
690
692
693
695
697
698
700
702
705
710
711
712
713
714
715
719
724
727
731
733
740
745
75
750
751
755
761
762
774
777
792
795
811
815
834
835
836
838
843
847
853
860
863
864
866
872
873
883
884
887
896
898
912
917
919
925
932
933
947
951
970
973
993