731,1237936262
2014,1303828538
2051,1304810498
2106,1306965397
2109,1307256644
2120,1307981250
2121,1308004117
2127,1308163237
2137,1308713621
2139,1308772732
2140,1308773201
2170,1310759498
2171,1310938730
2172,1311009368
2179,1311113598
2183,1311194070
2186,1311279886
2188,1311377049
2199,1312245426
2206,1312560941
2209,1312933626
2226,1313617069
2227,1313617196
2231,1314038395
2232,1314039044
2243,1314383823
2251,1314625253
2264,1315180859
2266,1315333621
2267,1315432867
2271,1315560945
2280,1315873927
2289,1316182705
2297,1316637939
2298,1316666747
2310,1317320480
2313,1317663662
2320,1318703410
2327,1319045443
2333,1319562043
2336,1319760148
2343,1320258389
2345,1320276170
2346,1320276497
2347,1320279812
2351,1320374002
2354,1320528322
2357,1321002170
2358,1321004481
2366,1321340183
2372,1321392536
2379,1321503351
2381,1321554294
2391,1322776413
2402,1323221482
2407,1323288898
2408,1323288986
2409,1323289206
2410,1323296376
2412,1323309776
2413,1323312783
2415,1323372075
2416,1323401089
2418,1323468694
2420,1323478872
2427,1323801269
2430,1323938615
2433,1324088188
2434,1324157124
2440,1324429592
2441,1324436507
2446,1324517732
2453,1325467554
2457,1325710680
2461,1325977106
2465,1326236982
2472,1326414445
2484,1327017908
2485,1327094250
2489,1327380461
2493,1327639470
2505,1328306467
2507,1328524848
2508,1328545253
2527,1328926610
2530,1329126516
2535,1329337550
2539,1329430017
2540,1329430585
2543,1329732166
2544,1329824437
2550,1330000279
2558,1330285104
2559,1330342047
2562,1330494831
2563,1330531064
2564,1330539369
2585,1331686379
2590,1331766588
2594,1331847899
2606,1331948940
2607,1331949250
2612,1332632202
2614,1332716544
2617,1332793955
2621,1332923032
2627,1333442101
2629,1333464771
2630,1333487187
2634,1333535510
2645,1334175502
2662,1335243462
2665,1335270763
2680,1336021782
2685,1336373855
2689,1336515119
2699,1337017051
2715,1337646090
2717,1337728899
2718,1337735545
2719,1337802011
2721,1337866449
2725,1338153201
2727,1338247933
2729,1338385191
2738,1338813872
2739,1338851191
2741,1338946081
2744,1339201098
2752,1339513866
2754,1339752315
2755,1339758739
2760,1340025802
2762,1340195773
2766,1340420203
2767,1340633480
2769,1340752562
2775,1340841817
2783,1341246392
2785,1341297524
2788,1341363045
2789,1341525969
2791,1341613749
2792,1341619563
2802,1341826565
2810,1341970568
2814,1342147793
2818,1342465024
2821,1342549230
2822,1342549727
2832,1342801193
2833,1342801851
2836,1343088716
2837,1343269362
2841,1343329519
2843,1343336612
2849,1343541229
2852,1343768956
2853,1343817987
2854,1343859194
2860,1344296634
2866,1344550890
2873,1344884726
2878,1345094879
2891,1345881055
2901,1346505629
2924,1348065451
2931,1348551611
2941,1349346889
2944,1349373636
2945,1349397388
2949,1349464317
2951,1349638160
2952,1349640854
2970,1350075483
2992,1350643967
2995,1350814420
3000,1351038111
3009,1351207225
3013,1351450463
3021,1351742890
3035,1352229878
3039,1352317498
3046,1352826898
3051,1353000091
3056,1353349508
3060,1353400144
3064,1353490669
3068,1353944948
3070,1354080738
3072,1354566128
3081,1354739207
3085,1355046921
3099,1355880654
3105,1356583903
3108,1356696338
3110,1356960953
3112,1357034002
3115,1357528905
3116,1357531475
3135,1358903754
3146,1359480142
3170,1360250992
3181,1360624590
3185,1360845577
3191,1361140135
3200,1361344884
3207,1361492850
3209,1361500302
3223,1362012901
3239,1362575197
3261,1364262441
3263,1364549878
3265,1364851470
3266,1364923305
3292,1366790801
3363,1372156480
3403,1375342668
3405,1375375358
3411,1375770656
3438,1377552487
3450,1378292913
3488,1380210933
3499,1380844977
3507,1381200802
3553,1383173108
3641,1387838772
3655,1389143281
3672,1389915030
3699,1390458315
3700,1390458344
3701,1390458355
3720,1390509579
3804,1394473729
3910,1398255777
4961,1469452255
