1270
1702
1890
1949
1985
2008
2013
2014
2019
2024
2025
2026
2027
2044
2048
2055
2092
2102
2106
2109
2110
2112
2115
2119
2120
2121
2124
2127
2130
2137
2139
2140
2147
2152
2162
2164
2165
2171
2172
2174
2179
2181
2183
2184
2185
2186
2188
2191
2193
2195
2199
2200
2202
2206
2208
2209
2211
2214
2215
2219
2221
2223
2227
2231
2232
2237
2250
2264
2270
2271
2273
2275
2278
2280
2286
2288
2290
2291
2301
2307
2309
2310
2311
2313
2316
2320
2329
2331
2333
2335
2339
2342
2345
2346
2347
2352
2354
2358
2363
2370
2379
2384
2385
2387
2391
2402
2408
2410
2411
2412
2413
2415
2418
2425
2426
2427
2428
2430
2440
2442
2453
2457
2458
2462
2472
2477
2484
2489
2497
2505
2508
2509
2530
2532
2533
2534
2535
2540
2543
2550
2559
2562
2563
2564
2568
2570
2572
2576
2578
2585
2588
2590
2609
2612
2618
2621
2642
2753
2755
3094
438