8,1414444463.0
9,1414610247.0
12,1414903189.0
13,1415051133.0
16,1415387501.0
17,1415387624.0
18,1415387901.0
20,1415574635.0
23,1415749298.0
24,1415808473.0
27,1416088794.0
34,1416850611.0
40,1417394266.0
41,1417447757.0
44,1417638709.0
45,1417737428.0
50,1419840666.0
52,1420277215.0
61,1421841860.0
62,1423294108.0
63,1423459199.0
65,1424163209.0
69,1424550921.0
74,1425007901.0
88,1425709811.0
91,1425851286.0
92,1425877322.0
93,1425918071.0
101,1426199874.0
110,1426784803.0
112,1426809813.0
116,1427054926.0
120,1427225476.0
121,1427300608.0
122,1427328468.0
127,1427416377.0
128,1427424686.0
130,1427499057.0
133,1427555478.0
134,1427560228.0
147,1427841440.0
148,1427865657.0
151,1428023892.0
153,1428130816.0
157,1428160969.0
167,1428349750.0
171,1428440944.0
174,1428652943.0
177,1428658766.0
179,1428687763.0
181,1428705332.0
182,1428707693.0
196,1429035159.0
201,1429087923.0
202,1429120384.0
205,1429165695.0
209,1429375152.0
212,1429511913.0
214,1429583868.0
215,1429585022.0
216,1429588498.0
220,1429801528.0
222,1430013921.0
224,1430199135.0
226,1430370475.0
231,1430533796.0
232,1430604743.0
233,1430687601.0
234,1430695776.0
235,1430701500.0
236,1430705956.0
243,1431076782.0
247,1431321202.0
249,1431468248.0
251,1431479498.0
252,1431499354.0
253,1431502000.0
265,1431853692.0
281,1431976955.0
300,1432247251.0
301,1432293349.0
305,1432441468.0
307,1432457496.0
310,1432669649.0
318,1432852075.0
321,1433103202.0
322,1433123774.0
324,1433125719.0
325,1433135759.0
327,1433198934.0
328,1433212752.0
329,1433232401.0
339,1433458725.0
341,1433493328.0
344,1433638828.0
345,1433699134.0
362,1434395366.0
364,1434405758.0
366,1434440692.0
368,1434499558.0
371,1434660650.0
374,1434752207.0
384,1435662211.0
385,1435662646.0
388,1435814472.0
390,1435829208.0
395,1436768559.0
396,1436807485.0
399,1436923530.0
400,1437243441.0
403,1437511191.0
404,1437531837.0
405,1437660550.0
411,1437824834.0
414,1438034474.0
415,1438195928.0
419,1439654948.0
421,1439890212.0
422,1439890527.0
423,1439891045.0
424,1439891231.0
425,1439891494.0
426,1439891905.0
428,1440670477.0
431,1441895837.0
433,1441935496.0
435,1442175633.0
439,1442847990.0
440,1442854823.0
443,1442945703.0
444,1443174262.0
446,1443377029.0
447,1443377060.0
451,1443564562.0
452,1443618767.0
454,1443650023.0
455,1443650297.0
456,1443659064.0
458,1443664034.0
460,1443702592.0
461,1444225551.0
462,1444231935.0
467,1444663830.0
469,1444872687.0
474,1445693579.0
475,1445702164.0
479,1446138617.0
480,1446245218.0
491,1447013136.0
508,1447921227.0
512,1448237417.0
517,1448395914.0
521,1448743075.0
528,1448898879.0
529,1448916681.0
533,1449028581.0
540,1449158824.0
550,1449597971.0
551,1449608855.0
553,1449721305.0
555,1449776553.0
559,1449973980.0
563,1450151835.0
567,1450329855.0
568,1450378830.0
573,1450509244.0
575,1450589981.0
577,1450719413.0
586,1450856323.0
589,1450943921.0
590,1450963187.0
591,1451030370.0
593,1451063942.0
594,1451093607.0
595,1451106935.0
597,1451117308.0
598,1451117752.0
601,1451236132.0
604,1451290430.0
606,1451317911.0
607,1451319225.0
611,1451348397.0
614,1451421034.0
616,1451589326.0
617,1451589486.0
626,1451852413.0
636,1452110299.0
638,1452374066.0
639,1452457238.0
640,1452468636.0
641,1452469198.0
642,1452475802.0
644,1452893847.0
645,1452902837.0
647,1453001359.0
648,1453093151.0
657,1453912758.0
658,1453947234.0
664,1454194296.0
669,1454289506.0
677,1454563771.0
678,1454621092.0
685,1454960541.0
688,1455072656.0
689,1455220307.0
690,1455222781.0
695,1455667252.0
696,1455719337.0
697,1455763065.0
700,1455852543.0
701,1455859709.0
704,1455908419.0
707,1456009876.0
708,1456077963.0
710,1456159463.0
712,1456199914.0
714,1456257704.0
717,1457364919.0
718,1457465356.0
721,1457794134.0
729,1458172436.0
731,1458315480.0
732,1458316500.0
738,1458678018.0
743,1459357896.0
745,1459370528.0
750,1459730872.0
753,1460904485.0
754,1461282197.0
758,1461778827.0
760,1462336937.0
761,1462340030.0
763,1462710722.0
766,1463898369.0
767,1464154834.0
775,1465349963.0
779,1465580243.0
786,1466175983.0
788,1466858687.0
791,1467668043.0
793,1467935884.0
802,1468410495.0
812,1468863764.0
815,1469254212.0
817,1470009346.0
836,1473533149.0
840,1473788962.0
882,1474454547.0
894,1474694807.0
899,1475016956.0
928,1475380085.0
942,1475859581.0
944,1476113551.0
945,1476225123.0
956,1476899120.0
959,1477496090.0
962,1477764225.0
963,1477797145.0
964,1477828005.0
976,1478120447.0
978,1478200109.0
986,1478494400.0
991,1478855172.0
992,1479239233.0
993,1480362880.0
994,1480365838.0
995,1480613554.0
996,1480616006.0
999,1480741103.0
1001,1480901750.0
1002,1481389955.0
1003,1481428349.0
1004,1481479640.0
1007,1481984671.0
1008,1482298100.0
1009,1482298682.0
1010,1482299294.0
1012,1482352265.0
1016,1483303176.0
1018,1483733041.0
1021,1484069453.0
1023,1484079552.0
1024,1484081046.0
1040,1485111559.0
1043,1485349106.0
1054,1485857732.0
1055,1485889627.0
1059,1486076999.0
1060,1486089743.0
1061,1486090423.0
1062,1486156960.0
1063,1486183625.0
1064,1486188553.0
1069,1486486032.0
1082,1487923629.0
1083,1488153502.0
1087,1488855658.0
1088,1489258930.0
1090,1490939686.0
1093,1490964588.0
1094,1490985402.0
1095,1491037720.0
1097,1491653468.0
1102,1492093792.0
1106,1492926620.0
1110,1493594684.0
1111,1493596299.0
1121,1495068810.0
1122,1495153103.0
1123,1495171259.0
1134,1495676402.0
1135,1495968318.0
1139,1496285082.0
1145,1497127206.0
1147,1497296749.0
1149,1497403551.0
1152,1497815847.0
1155,1499092100.0
1156,1499092771.0
1169,1499364247.0
1170,1499367298.0
1173,1499639812.0
1175,1499712918.0
1176,1499714872.0
1186,1499863799.0
1188,1500067520.0
1204,1500560780.0
1209,1500589718.0
1210,1500602627.0
1211,1500633294.0
1217,1500685667.0
1223,1501521417.0
1224,1501711637.0
1229,1501776181.0
1250,1502714201.0
1284,1504047143.0
1287,1504129275.0
1288,1504129527.0
1303,1504986000.0
1310,1505019311.0
1311,1505114476.0
1316,1505170912.0
1318,1505424257.0
1326,1505845966.0
1340,1506360998.0
1375,1508062805.0
1390,1509138108.0
1396,1509404881.0
1451,1517963754.0
1462,1518365541.0
1465,1518817898.0
1466,1518817997.0
1479,1519433994.0
1484,1519519595.0
1491,1519930462.0
1493,1520049552.0
1498,1520721106.0
1502,1521202833.0
1506,1521360462.0
1513,1521551763.0
1515,1521673695.0
1525,1521839115.0
1527,1521927158.0
1533,1522514418.0
1542,1523031010.0
1547,1523313613.0
1566,1525386434.0
1567,1525386641.0
