39,1378926481.0
44,1379256220.0
46,1379558576.0
47,1379558724.0
49,1379627573.0
57,1380634625.0
58,1380756702.0
59,1381243929.0
69,1382661024.0
71,1382710570.0
101,1387509690.0
120,1389652603.0
128,1390414808.0
129,1390414932.0
139,1391198307.0
147,1392217685.0
162,1394133616.0
163,1394133901.0
171,1395069823.0
177,1395800851.0
179,1395940056.0
180,1396055077.0
186,1396325272.0
194,1397350382.0
195,1397376920.0
200,1397858850.0
203,1398277072.0
221,1400450522.0
227,1401967897.0
228,1402064248.0
229,1402097240.0
237,1402669391.0
241,1402870085.0
246,1403532447.0
248,1403638049.0
250,1403738817.0
252,1403829673.0
254,1403914890.0
255,1404154965.0
256,1404155212.0
290,1407355637.0
291,1407505693.0
293,1407867629.0
294,1407888203.0
297,1408059470.0
306,1408650132.0
307,1408720793.0
324,1409838732.0
353,1412188890.0
361,1412783438.0
362,1412785606.0
364,1412981570.0
375,1413807406.0
377,1414630307.0
381,1415037715.0
382,1415038069.0
383,1415045729.0
384,1415135571.0
388,1415738059.0
404,1417614173.0
410,1418163644.0
426,1418943212.0
435,1420399830.0
438,1420483163.0
445,1422052680.0
455,1422598151.0
458,1422651822.0
465,1423247412.0
486,1424395419.0
492,1424960192.0
494,1424980690.0
495,1424981394.0
512,1426162276.0
534,1426779999.0
558,1427979327.0
570,1428329341.0
583,1428599948.0
602,1429054697.0
606,1429295989.0
611,1430161621.0
623,1430973372.0
628,1431978348.0
634,1432859852.0
681,1434805218.0
689,1435017180.0
691,1435167607.0
695,1435260115.0
713,1435839080.0
729,1436715293.0
735,1436981534.0
739,1437097216.0
740,1437098002.0
741,1437098970.0
742,1437100526.0
743,1437101253.0
745,1437104552.0
761,1439293866.0
778,1441742252.0
779,1441819233.0
780,1441908438.0
783,1441992246.0
787,1442169950.0
790,1442503481.0
792,1442695700.0
794,1443029972.0
795,1443030257.0
796,1443141601.0
797,1443142488.0
798,1443144720.0
799,1443208975.0
801,1443545954.0
811,1445022168.0
833,1447751373.0
845,1449157150.0
896,1453156118.0
923,1456773238.0
924,1456880147.0
926,1457113438.0
931,1457396695.0
937,1457637642.0
942,1458067539.0
944,1458135223.0
952,1458755149.0
954,1458939245.0
967,1459955296.0
969,1460355889.0
972,1460393094.0
973,1460393150.0
984,1461626557.0
990,1462298076.0
992,1462397221.0
998,1462575175.0
1010,1463152835.0
1024,1464211397.0
1031,1464651015.0
1046,1465905592.0
1055,1466455552.0
1063,1468408301.0
1067,1468612034.0
1069,1469138082.0
1074,1469891589.0
1075,1469914189.0
1092,1470925080.0
1094,1471359638.0
1097,1471552375.0
1106,1472339815.0
1108,1473045404.0
1121,1473777050.0
1122,1473782421.0
1125,1473888771.0
1126,1473940729.0
1138,1475534835.0
1142,1476312654.0
1147,1476746979.0
1152,1477008544.0
1154,1477501079.0
1155,1477595607.0
1168,1478330726.0
1169,1478367942.0
1174,1478571790.0
1175,1478722730.0
1176,1478812448.0
1182,1479510085.0
1185,1480369216.0
1186,1480369896.0
1187,1480384183.0
1192,1481002860.0
1196,1481567467.0
1237,1485524947.0
1245,1485982228.0
1248,1486066904.0
1278,1487883100.0
1282,1487953358.0
1287,1487992081.0
1288,1487992553.0
1289,1487992931.0
1290,1487993164.0
1291,1487994070.0
1292,1487994929.0
1293,1487995142.0
1301,1488306293.0
1312,1488493072.0
1315,1488561486.0
1317,1488578201.0
1330,1488902698.0
1331,1488902704.0
1336,1489005858.0
1352,1489513921.0
1357,1489698767.0
1364,1489965842.0
1379,1490293554.0
1382,1490377038.0
1384,1490617699.0
1386,1490711620.0
1392,1491179945.0
1401,1491938475.0
1406,1492133268.0
1411,1492459688.0
1412,1492459907.0
1413,1492460883.0
1414,1492464551.0
1415,1492464621.0
1417,1492552701.0
1421,1492696455.0
1423,1493047919.0
1424,1493135990.0
1431,1493819508.0
1432,1493821186.0
1439,1494859121.0
1446,1495190386.0
1453,1496935999.0
1454,1497054198.0
1455,1497054886.0
1456,1497055380.0
1463,1498262041.0
1464,1498262162.0
1467,1498499173.0
1471,1498649156.0
1475,1499313180.0
1476,1499353797.0
1482,1500313969.0
1483,1500320267.0
1484,1500324230.0
1492,1501030830.0
1493,1501091305.0
1499,1501205791.0
1503,1501346744.0
1506,1501593151.0
1511,1501884940.0
1521,1502928607.0
1533,1503966701.0
1548,1505592792.0
1550,1505910060.0
1553,1506042915.0
1555,1506119224.0
1562,1506452149.0
1576,1507817258.0
1583,1507843206.0
1586,1507901226.0
1610,1510109580.0
1612,1510250813.0
1613,1510399206.0
1614,1510605000.0
1616,1510680319.0
1618,1510868496.0
1620,1511145287.0
1622,1511220560.0
1639,1511928981.0
1641,1511978796.0
1642,1512327390.0
1646,1512413004.0
1655,1512888454.0
1656,1512894025.0
1659,1513208785.0
1663,1513817589.0
1665,1514414214.0
1671,1515163949.0
1672,1515165689.0
1691,1516154178.0
1699,1516663272.0
1705,1517018251.0
1709,1517176546.0
1720,1517952751.0
1721,1517966697.0
1724,1518127725.0
1725,1518286856.0
1740,1519135575.0
1744,1519209647.0
1750,1519613729.0
1752,1519647290.0
1754,1519661422.0
1761,1520127985.0
1768,1520982396.0
1785,1522169531.0
1803,1523106401.0
1813,1523571431.0
1820,1523660521.0
1824,1523736837.0
1828,1523768802.0
1832,1523822261.0
1834,1523885074.0
1842,1524140225.0
1849,1525225652.0
1855,1525549999.0
1856,1525550063.0
1862,1525810903.0
1863,1525922685.0
1874,1526273127.0
1877,1526556206.0
1878,1526679002.0
1881,1527179881.0
1892,1527668112.0
1898,1527886040.0
1899,1527989630.0
1915,1528406004.0
1917,1528416358.0
1925,1528477173.0
1927,1528506849.0
1928,1528515735.0
1932,1528583412.0
1945,1529154401.0
1960,1529417039.0
1964,1529794429.0
1971,1529962977.0
1972,1529966331.0
1976,1530119351.0
1988,1530496387.0
1997,1530867656.0
1999,1530889979.0
2000,1530906855.0
2001,1530907366.0
2007,1531084464.0
2015,1531264362.0
2036,1531733529.0
2042,1531770083.0
2050,1532116578.0
2051,1532117386.0
2056,1532163712.0
2060,1532426470.0
2064,1532684656.0
2074,1532724949.0
2079,1532930463.0
2081,1532986859.0
2092,1533139643.0
2096,1533224968.0
2099,1533324833.0
2102,1533807778.0
2118,1534443727.0
2124,1534543491.0
2136,1535919014.0
2155,1536859498.0
2156,1536861198.0
2157,1537053563.0
2158,1537155296.0
2159,1537358461.0
2170,1537930666.0
2171,1538080119.0
2181,1538429460.0
2182,1538450525.0
2183,1538451032.0
2185,1538520539.0
2186,1538573380.0
2195,1539005730.0
2199,1539023289.0
2203,1539044796.0
2205,1539169475.0
2220,1539687256.0
2261,1541201764.0
2267,1541543850.0
2274,1541627568.0
2278,1541667781.0
2280,1541706154.0
2281,1541706991.0
2283,1541724854.0
2304,1542701041.0
2308,1542822515.0
2309,1543002331.0
2311,1543253366.0
2312,1543279918.0
2315,1543394581.0
2316,1543519620.0
2317,1543601508.0
2332,1544101537.0
2339,1544204218.0
2363,1546532866.0
2364,1546545805.0
2365,1546589169.0
2373,1547018746.0
2381,1547160744.0
2385,1547461333.0
2387,1547563569.0
2397,1547749955.0
2437,1548460105.0
2449,1548958901.0
2506,1550687979.0
2515,1550932494.0
2527,1551384299.0
2529,1551728441.0
2532,1552012687.0
2533,1552041504.0
2622,1554227452.0
2636,1555137113.0
2658,1556370021.0
2678,1556936967.0
2685,1557142139.0
2691,1557759374.0
2694,1557767316.0
2697,1558115223.0
2700,1558474159.0
2725,1558623321.0
2727,1558623455.0
2728,1558639580.0
2731,1558649541.0
2743,1558787063.0
2748,1558905694.0
2755,1558976079.0
2767,1559236150.0
2779,1559562000.0
2781,1559585431.0
2783,1559668215.0
2786,1559853770.0
2791,1559926485.0
2798,1560162350.0
2808,1560438465.0
2811,1560468840.0
2817,1560650457.0
2874,1562957439.0
2893,1563917543.0
2911,1564620485.0
2914,1564840696.0
2918,1564882026.0
2922,1565026397.0
2932,1565049869.0
2948,1565622184.0
2973,1566617056.0
2976,1566752980.0
2994,1567267790.0
3007,1567875686.0
3008,1567980514.0
3017,1568390286.0
3018,1568574561.0
3024,1569280087.0
3031,1569680790.0
3039,1570350950.0
3040,1570460840.0
3049,1570847690.0
3058,1571330130.0
3071,1572206439.0
3094,1572908019.0
3101,1573563762.0
3111,1573847130.0
3114,1573862235.0
3118,1574129642.0
3125,1574479688.0
3148,1575684735.0
3234,1576079708.0
3160,1576380818.0
3166,1576617735.0
3173,1576871336.0
3207,1579307022.0
3210,1579417239.0
3214,1579639216.0
3220,1579720151.0
3224,1579814961.0
3231,1580222130.0
3240,1580851185.0
3253,1582950420.0
3289,1583805472.0
3310,1584516035.0
3323,1585209287.0
3330,1585320235.0
3336,1585614317.0
3337,1585614899.0
3346,1586365774.0
3347,1586381361.0
3358,1586569723.0
3371,1586994738.0
3375,1587212794.0
3382,1587486360.0
3390,1587932354.0
3411,1589377814.0
3413,1589419149.0
3417,1589590077.0
3424,1590110520.0
3425,1590110571.0
3436,1590755797.0
3441,1591340523.0
3448,1592361873.0
3449,1592363253.0
3450,1592364475.0
3460,1592875898.0
3462,1592982489.0
3463,1593023063.0
3472,1594065289.0
3473,1594086117.0
3474,1594086551.0
3477,1594236064.0
3491,1595872878.0
3497,1596636477.0
3505,1597264884.0
3506,1597350387.0
3510,1597778517.0
3514,1598375826.0
3518,1599122629.0
3541,1601230898.0
3551,1601824493.0
