1577
2132
2629
3285
3293
3295
3373
3377
3444
3447
3451
3457
3464
3469
3496
3506
3508
3509
3511
3513
3515
3516
3518
3520
3524
3525
3526
3530
3545
3553
3559
3561
3566
3567
3568
3576
3581
3582
3584
3590
3591
3592
3606
3607
3608
3609
3612
3616
3617
3621
3623
3627
3632
3633
3637
3639
3640
3643
3649
3650
3652
3657
3661
3662
3664
3670
3672
3673
3674
3675
3676
3677
3679
3682
3717
3722
3725
3726
3730
3737
3739
3741
3744
3746
3747
3752
3753
3754
3755
3771
3774
3776
3779
3782
3794
3796
3798
3801
3802
3805
3806
3807
3809
3811
3812
3813
3815
3816
3818
3819
3820
3825
3826
3827
3832
3833
3836
3837
3858
3859
3860
3867
3868
3871
3874
3882
3887
3888
3889
3892
3894
3895
3902
3905
3909
3913
3915
3916
3921
3922
3923
3929
3930
3936
3940
3944
3945
3949
3950
3955
3958
3960
3964
3967
3975
3976
3989
3990
3991
3996
3997
3998
3999
4000
4017
4021
4029
4030
4036
4037
4103
4794