2
32
55
143
183
191
203
204
205
208
246
247
248
250
252
259
262
272
274
278
280
283
289
291
292
293
294
296
298
299
300
302
303
304
306
307
310
315
317
318
319
320
322
324
325
326
327
328
329
330
331
332
333
334
335
336
337
338
339
340
341
342
343
345
346
347
349
351
352
354
355
364
365
367
368
369
370
371
372
375
376
378
380
381
382
383
384
385
386
387
388
389
392
394
395
396
397
399
403
404
405
408
409
411
413
415
416
417
418
422
424
425
426
427
428
430
431
434
435
436
439
440
441
442
444
447
452
453
454
457
458
459
460
461
463
465
466
467
468
469
470
471
472
474
475
476
477
479
480
481
482
483
484
485
487
490
491
493
495
496
497
498
500
503
504
507
509
511
512
513
514
520
522
523
524
529
530
531
532
533
534
538
539
540
541
542
543