2317
2261
3204
3222
3230
3236
3235
2873
3210
1818
3229
3228
3223
3034
3030
3031
3032
2993
3033
1392
2184
3250
3253
3254
3256
1990
3202
3029
3028
3022
236
3019
3275
3194
3193
1823
3276
3277
3274
3272
3273
3312
3009
2778
3077
2955
2168
1908
3063
3062
3066
2940
3113
3110
3262
3265
2284
2621
1919
3285
2750
3059
3050
3051
3120
3127
3125
2368
3097
2968
3041
3043
3042
3046
3131
3197
2913
2825
2826
2822
3093
3094
3375
3153
3152
3217
3156
3155
3154
3159
1636
3080
3083
3074
2933
3165
3162
3369
1441
2251
2474
3226
2920
3171
3173
3172
3175
3174
3176
3372
3195