1,1192055357
2,1193783403
3,1193788080
4,1193850539
14,1193972985
15,1193973104
17,1194026348
18,1194035051
19,1194046324
22,1194299426
24,1194463251
25,1194553960
26,1194635019
27,1195586471
28,1195606040
29,1196124771
30,1196178453
31,1196187041
33,1196204757
35,1196213600
36,1196214521
37,1196273354
39,1196381023
40,1196381445
41,1196446057
43,1196792654
44,1196795021
45,1196978437
51,1197523059
52,1197907860
54,1198108243
57,1199854346
60,1200080841
61,1200093731
63,1200357372
65,1200612197
67,1200615561
69,1201096264
75,1201188525
76,1201188955
78,1201316721
80,1201702299
85,1201809690
88,1201940481
89,1202149641
90,1202155790
91,1202157615
92,1202225001
93,1202228354
97,1202336987
99,1202487408
100,1202488435
105,1202772226
110,1203096638
114,1203551849
116,1203719587
118,1203813484
120,1203912012
121,1203913779
123,1203994237
126,1204122897
129,1204315685
130,1204328011
131,1204328170
132,1204329291
137,1204829012
140,1204916899
142,1204917447
144,1204938214
145,1205171849
146,1205288396
147,1205362664
149,1205436538
150,1205449323
151,1205534688
152,1205786032
153,1205823922
156,1205884314
163,1205962759
164,1206030245
166,1206133568
170,1206637349
172,1206733760
173,1206744655
174,1206748398
175,1206792925
176,1207010300
178,1207129805
179,1207171689
180,1207176890
181,1207183770
182,1207187059
183,1207258964
184,1207260332
185,1207269894
186,1207272353
187,1207359768
188,1207365319
189,1207368530
190,1207370367
191,1207372500
192,1207373306
193,1207374612
194,1207375130
196,1207673633
197,1207758269
201,1207820620
202,1207821851
203,1207830413
204,1207864168
207,1208452905
213,1208541988
214,1208557291
215,1208612245
216,1208822509
218,1208991788
219,1209048651
220,1209068528
222,1209396363
224,1209493215
225,1209593850
226,1209675207
227,1209693095
228,1209746240
229,1209778456
230,1210013218
231,1210104037
232,1210120438
233,1210129421
234,1210194102
235,1210285821
236,1210292126
237,1210373904
238,1210535889
239,1210887889
243,1211219936
244,1211291265
248,1211596582
250,1211935444
251,1212613797
258,1212776151
260,1212776688
261,1212959848
264,1213221923
266,1213226670
267,1213344828
268,1213622392
272,1213662626
274,1213743700
275,1213794707
278,1214224116
279,1214256444
285,1215030971
286,1215031283
287,1215033270
288,1215033561
289,1215035510
290,1215094291
291,1215107632
292,1215449058
293,1215449120
294,1215450312
295,1215454998
298,1215613417
299,1215646400
301,1215701617
302,1215717622
303,1215727255
304,1215796420
305,1216070245
306,1216070466
307,1216070612
308,1216070708
309,1216071004
310,1216071190
311,1216071333
312,1216071738
313,1216081204
314,1216081564
315,1216081718
316,1216082005
319,1216232211
320,1216243484
321,1216245806
323,1216322568
324,1216346901
327,1216739831
328,1216739929
329,1216740118
330,1216751671
331,1216752893
332,1216772054
333,1216838298
334,1216922654
335,1216924056
336,1216932535
337,1216956157
338,1216962227
339,1216972487
340,1217010295
341,1217016203
342,1217048643
343,1217271435
344,1217271738
345,1217276035
346,1217293892
347,1217359803
349,1217529165
350,1217530282
352,1217546875
353,1217625699
354,1217627465
355,1217632496
356,1217870000
359,1217958347
362,1218063267
363,1218067993
364,1218069343
368,1218145630
369,1218157630
370,1218197130
372,1218564421
373,1218565738
374,1218565842
375,1218566292
376,1218586601
377,1218658369
378,1218751382
379,1219085856
380,1219086831
381,1219087665
382,1219090947
383,1219171377
384,1219184560
386,1219342605
387,1219344053
388,1219344380
389,1219344557
390,1219356087
392,1219361270
394,1219602492
395,1219607305
396,1219607671
397,1219689392
398,1219693273
399,1219696521
400,1219701266
401,1219877987
402,1219885220
403,1219953529
404,1219961027
405,1219961435
406,1220007308
407,1220058497
411,1220549736
412,1220561518
413,1220562987
414,1220563786
415,1220567395
416,1220571322
417,1220628065
418,1220637530
421,1220909531
422,1220914267
423,1220917717
424,1220920186
425,1220987565
426,1220987988
428,1221201630
429,1221260317
430,1221260915
431,1221507376
432,1221511334
433,1221582180
434,1221601293
435,1221611151
436,1221696106
437,1221758040
438,1221774583
439,1221774616
440,1221850413
441,1221850929
442,1221936126
444,1222103723
445,1222113396
446,1222126807
447,1222126814
448,1222126920
449,1222137986
450,1222198262
451,1222201286
452,1222205170
453,1222205975
454,1222218013
455,1222218285
456,1222260701
457,1222280097
459,1222301167
460,1222360148
461,1222369306
462,1222375991
463,1222462659
464,1222712421
468,1222816747
469,1222818888
470,1222894105
471,1223330669
475,1223423074
485,1223588286
489,1223671645
490,1223672958
492,1223947183
493,1223947280
494,1224003329
495,1224023056
496,1224031064
497,1224191724
498,1224200734
499,1224201743
500,1224202224
501,1224210850
504,1224552158
505,1224629830
507,1224723467
508,1224800747
510,1225135481
511,1225374171
512,1225406485
513,1225413087
514,1225424366
515,1225485825
517,1225826803
518,1225852470
520,1226350850
521,1226358205
522,1226363996
523,1226426127
524,1226530442
525,1226537937
526,1226605175
527,1226622363
528,1226622646
532,1226709158
534,1226882799
536,1226917107
537,1226982162
538,1227053376
539,1227204293
540,1227234409
542,1227569310
544,1227657234
545,1227660762
546,1227753715
548,1228158799
550,1228163575
552,1228178906
553,1228184998
555,1228364767
556,1228414289
558,1228530521
559,1229016283
560,1229023075
564,1229371464
565,1229387725
566,1229455078
567,1229456114
568,1229480544
569,1229545067
570,1229607105
571,1229643938
577,1230080614
579,1230147011
582,1230587311
583,1230588838
592,1230666009
593,1230669695
594,1230680162
595,1230765313
596,1230774649
597,1231198072
598,1231201439
599,1231202834
600,1231347800
609,1231363073
610,1231363473
612,1231455905
613,1231460106
615,1231783373
616,1231789206
617,1231798703
618,1231801375
619,1231885844
621,1232070184
622,1232113818
624,1232115160
630,1232588928
631,1232749685
632,1232752562
633,1232752645
634,1232759784
637,1233022021
638,1233022256
639,1233022296
641,1233088586
642,1233088754
643,1233088847
644,1233184902
645,1233194868
646,1233195428
647,1233195494
648,1233352268
649,1233353757
650,1233357169
655,1233790852
656,1233797625
657,1233876902
658,1233951816
660,1234200000
661,1234200056
662,1234200238
663,1234206240
664,1234293382
665,1234382819
666,1234385787
667,1234391874
668,1234465810
669,1234466284
670,1234467041
671,1234467525
672,1234468149
673,1234469474
674,1234473937
675,1234475803
676,1234485435
679,1234564308
680,1234571634
681,1234895600
682,1234898012
683,1235069903
684,1235072935
685,1235554941
689,1235695053
690,1235735930
691,1235767885
693,1235985681
694,1236118939
695,1236119136
696,1236119369
697,1236128840
698,1236292161
702,1236368295
705,1236403383
707,1236625111
709,1236646058
710,1236655014
714,1236812347
715,1236886312
719,1236964264
720,1237233923
723,1237374022
724,1237415111
727,1237502079
728,1237507969
729,1237846172
730,1237923405
731,1237936262
733,1238007862
734,1238011354
735,1238013407
736,1238026589
737,1238111232
738,1238231553
739,1238445425
740,1238463523
746,1238652071
747,1238698107
748,1238705210
749,1238712008
751,1238720647
752,1238783369
754,1238973858
755,1239063148
756,1239201625
757,1239220323
758,1239220616
759,1239229756
761,1239238429
763,1239310281
764,1239684316
766,1239752029
767,1239857009
768,1239857588
769,1239861148
770,1240011251
771,1240244885
773,1240335620
774,1240368191
775,1240514998
782,1240566139
783,1240592857
785,1240606376
789,1240968504
790,1240972753
797,1241208754
798,1241236973
799,1241480286
800,1241651176
803,1241729897
804,1241739642
806,1242133058
808,1242237008
810,1242323222
811,1242683332
812,1242783933
813,1242938001
814,1242947508
815,1242948945
816,1243043168
818,1243326315
819,1243375351
822,1243562703
825,1243630176
828,1243896155
829,1243906296
831,1243974051
834,1244151560
835,1244160502
837,1244180331
838,1244239221
839,1244432481
840,1244494054
846,1244840016
849,1245051790
850,1245100846
851,1245114908
852,1245126241
854,1245187296
858,1245435652
859,1245688694
861,1245743171
870,1246497349
874,1247003823
875,1247085792
876,1247085949
877,1247186264
878,1247238388
879,1247247505
880,1247248317
881,1247251076
882,1247256599
883,1247354240
888,1247708083
891,1247876363
894,1248202553
896,1248718918
898,1248930362
899,1248943866
900,1249324463
901,1249324803
904,1249344366
905,1249399833
910,1249500575
912,1249608847
913,1249609848
917,1250118698
918,1250120600
919,1250124321
921,1250209425
923,1250275927
924,1250282915
925,1250297077
927,1250627597
930,1251163863
933,1251301504
934,1251311169
935,1251311818
936,1251398904
937,1251523908
939,1251753325
940,1251766259
941,1251840804
942,1251940960
943,1252012795
944,1252018617
947,1252358998
949,1252536100
950,1252543739
951,1252554232
957,1252715093
958,1252936582
959,1252975157
962,1253047474
963,1253064858
964,1253172452
968,1253314485
969,1253317508
971,1253595318
973,1253665478
974,1253749718
976,1253875458
977,1253909004
978,1253919861
981,1254173662
982,1254256351
989,1254421671
990,1254452300
991,1254505548
993,1254523074
995,1254768796
996,1254873149
998,1254944206
1001,1255047121
1002,1255117006
1003,1255117277
1004,1255118154
1005,1255118803
1006,1255119737
1007,1255123736
1008,1255125550
1009,1255128947
1010,1255129131
1011,1255131240
1012,1255132190
1013,1255135307
1014,1255141428
1015,1255316527
1018,1255395654
1019,1255396554
1021,1255497668
1022,1255537516
1023,1255550088
1024,1255560195
1026,1255728215
1027,1255968444
1028,1255992507
1029,1256026744
1030,1256067236
1031,1256080324
1033,1256088432
1034,1256144045
1041,1256231386
1042,1256231502
1046,1256252121
1048,1256260360
1049,1256320928
1056,1256692065
1057,1256756826
1060,1256815443
1061,1256841072
1063,1256853293
1064,1256863706
1065,1256871901
1068,1256935636
1070,1257184818
1073,1257466741
1074,1257483390
1075,1257490914
1078,1257814375
1079,1257841002
1080,1257888840
1081,1257897522
1084,1257900296
1086,1257976595
1091,1258134541
1092,1258135701
1093,1258136876
1095,1258434772
1099,1258524824
1100,1258661184
1101,1258770527
1105,1259110851
1106,1259112390
1107,1259119138
1108,1259128327
1112,1259222412
1113,1259238687
1114,1259563365
1115,1259606020
1116,1259629902
1118,1259704589
1119,1259712179
1120,1259795489
1121,1259801209
1122,1259801748
1124,1259870011
1126,1259944984
1127,1259953004
1128,1259963367
1130,1260118476
1131,1260231733
1132,1260238180
1133,1260238796
1134,1260322411
1136,1260381908
1142,1260403436
1143,1260403816
1144,1260406790
1145,1260408922
1146,1260487271
1149,1260823911
1152,1260857498
1153,1260900427
1154,1260903084
1155,1260917281
1157,1260991649
1158,1261014927
1159,1261015382
1160,1261015504
1165,1261186002
1168,1261459114
1169,1261506832
1171,1261678187
1172,1261692787
1173,1261721388
1174,1261966504
1176,1262659012
1179,1262766883
1180,1262802114
1181,1262805382
1182,1262937832
1183,1263296460
1184,1263339088
1185,1263343422
1186,1263427342
1187,1263436893
1188,1263497566
1189,1263498905
1190,1263503527
1191,1263541612
1193,1263596184
1194,1263596373
1195,1263607969
1197,1263942354
1199,1264042526
1201,1264197278
1202,1264533570
1204,1264550138
1208,1264726217
1209,1264726861
1210,1264728576
1212,1264751308
1213,1264797136
1216,1265159677
1217,1265215205
1219,1265225369
1220,1265245338
1221,1265275254
1222,1265313016
1226,1265407823
1227,1265420100
1230,1265657571
1231,1265658649
1233,1265785783
1234,1265831981
1235,1265851241
1236,1265876967
1238,1266316608
1239,1266345994
1241,1266364019
1243,1266535591
1245,1266616495
1246,1266628285
1247,1266633195
1251,1266890633
1252,1266891313
1254,1266952286
1255,1266954249
1256,1266966251
1257,1266968930
1258,1267056971
1259,1267059953
1260,1267133810
1261,1267135704
1262,1267147314
1263,1267150931
1264,1267214616
1265,1267224230
1266,1267232323
1267,1267234664
1269,1267552795
1270,1267556146
1271,1267559865
1272,1267568757
1273,1267594907
1274,1267602185
1275,1267646214
1276,1267741690
1277,1267815723
1278,1267829237
1279,1267834484
1283,1268086149
1286,1268172306
1288,1268191291
1289,1268238994
1290,1268268733
1292,1268344666
1293,1268354392
1294,1268423099
1296,1268673848
1297,1268690079
1298,1268690240
1299,1268691146
1300,1268700119
1301,1268751984
1303,1268845151
1305,1268852514
1307,1268943566
1308,1268956225
1309,1269024389
1313,1269277062
1314,1269282448
1318,1269289718
1327,1269524423
1328,1269529183
1329,1269533539
1332,1269630950
1335,1269816715
1339,1269984270
1340,1269991858
1341,1269992991
1343,1269995177
1344,1270005506
1346,1270071746
1347,1270094618
1348,1270149032
1352,1270232447
1356,1270589585
1358,1270593209
1359,1270654711
1360,1270657877
1362,1270662936
1363,1270667301
1364,1270682929
1365,1270684451
1366,1270698187
1369,1270754791
1371,1271095026
1372,1271110761
1373,1271120822
1374,1271121363
1377,1271192399
1378,1271283610
1382,1271796188
1383,1271796516
1388,1271956239
1391,1271981301
1392,1272021139
1393,1272264496
1394,1272304730
1396,1272510204
1397,1272576945
1400,1272653854
1401,1272903332
1407,1273222816
1412,1273554857
1414,1273696065
1415,1273786709
1416,1273791862
1418,1273864438
1419,1273876167
1421,1274116498
1424,1274376311
1428,1275003866
1432,1275436498
1433,1275539349
1435,1275609227
1442,1275916170
1443,1276103836
1445,1276107107
1446,1276190622
1448,1276362114
1449,1276537064
1453,1276709281
1459,1276887352
1460,1276890236
1462,1277267440
1463,1277347723
1464,1277452050
1465,1277490736
1467,1277504679
1468,1277632919
1469,1277644631
1470,1277737429
1475,1277840245
1477,1277961788
1481,1278108720
1482,1278482190
1484,1278529248
1486,1278550545
1487,1278553405
1489,1278626590
1490,1278710748
1491,1278711558
1492,1278725982
1493,1278911668
1498,1279000754
1500,1279042580
1507,1279647375
1508,1279660057
1511,1279755243
1512,1279786224
1513,1279824541
1516,1279915934
1517,1280162080
1521,1280255655
1523,1280348533
1524,1280358848
1525,1280440763
1527,1280510298
1531,1280613293
1532,1280622380
1533,1280795721
1534,1280942896
1537,1280969963
1539,1281188793
1540,1281375461
1541,1281471318
1542,1281570259
1543,1281646777
1544,1281647369
1545,1281737195
1546,1281997745
1547,1282088507
1550,1282264162
1552,1282342317
1553,1282347923
1557,1282595225
1558,1282597526
1559,1282600189
1560,1282606799
1561,1282611027
1562,1282668544
1563,1282690979
1567,1282772083
1568,1282772183
1569,1282834366
1570,1282837850
1571,1282838066
1572,1282843313
1573,1282845095
1574,1282934670
1575,1282936622
1576,1282952879
1577,1282955805
1578,1283044434
1579,1283155350
1581,1283195184
1583,1283286789
1584,1283296915
1585,1283299307
1586,1283301236
1588,1283302895
1591,1283373751
1593,1283374324
1594,1283377261
1595,1283387831
1596,1283392160
1597,1283403908
1599,1283536706
1601,1283561082
1602,1283741610
1603,1284060944
1604,1284134797
1605,1284141700
1606,1284160656
1607,1284162621
1608,1284162760
1609,1284167869
1610,1284416115
1614,1284598832
1615,1284681388
1616,1284683136
1619,1284743093
1620,1284743281
1621,1284743869
1622,1284745220
1623,1284746098
1624,1284746619
1625,1284747330
1626,1284752823
1627,1284753705
1628,1284759737
1632,1285025160
1633,1285026124
1635,1285083324
1636,1285094309
1637,1285095054
1638,1285107229
1639,1285114227
1640,1285114424
1641,1285169103
1642,1285192950
1643,1285198097
1644,1285201730
1645,1285206610
1647,1285373511
1648,1285374029
1649,1285625081
1650,1285630480
1651,1285636144
1652,1285697010
1653,1285699823
1654,1285714952
1655,1285716463
1656,1285717608
1658,1285871130
1659,1285873190
1662,1285956285
1663,1285967748
1664,1286222200
1666,1286301282
1668,1286308545
1669,1286312749
1670,1286415501
1671,1286477126
1672,1286477518
1673,1286483377
1674,1286502368
1676,1286828974
1677,1286834007
1679,1287011061
1682,1287153758
1683,1287208048
1684,1287280704
1685,1287426074
1686,1287695661
1688,1287763289
1689,1287763449
1690,1287763639
1691,1287763834
1694,1287783594
1695,1287788481
1697,1288006012
1698,1288020412
1699,1288028760
1702,1288058664
1704,1288379051
1705,1288490798
1706,1288492182
1708,1288983976
1709,1288991475
1710,1289000726
1711,1289004826
1712,1289241429
1714,1289414435
1715,1289443104
1716,1289443149
1719,1289522360
1720,1289524851
1721,1289553132
1723,1289610857
1724,1289615695
1725,1289632034
1726,1289855193
1727,1289862425
1728,1289916551
1729,1289937899
1730,1289938685
1731,1289946208
1732,1289953945
1733,1289958444
1736,1290032652
1737,1290042363
1738,1290047039
1739,1290150727
1741,1290330102
1742,1290462137
1743,1290484373
1744,1290530836
1745,1290542328
1750,1290680366
1751,1291317854
1753,1291352808
1754,1291413194
1760,1291857328
1761,1291936741
1762,1292002257
1766,1292298701
1767,1292346215
1770,1292530242
1771,1292532337
1773,1292540326
1774,1292601049
1776,1292624889
1778,1292956095
1779,1293001233
1781,1293135253
1783,1294104341
1784,1294144901
1785,1294183228
1787,1294206650
1788,1294260672
1791,1294366498
1792,1294370145
1797,1294747993
1798,1294779721
1800,1294870763
1801,1294871174
1802,1294874878
1803,1294876637
1808,1295275848
1810,1295427596
1812,1295489196
1813,1295540701
1814,1295562149
1815,1295567585
1817,1295654437
1819,1295911818
1820,1295911879
1821,1295987550
1823,1296008014
1826,1296076742
1827,1296078820
1828,1296120580
1830,1296195504
1831,1296208951
1833,1296248971
1834,1296250943
1835,1296553364
1837,1296604668
1839,1296652028
1840,1296674049
1841,1296754289
1843,1296873759
1844,1297069544
1849,1297349159
1850,1297432243
1851,1297449549
1852,1297450304
1854,1297674195
1856,1297812376
1858,1297931268
1859,1297969258
1860,1298032610
1861,1298054393
1862,1298066722
1864,1298266145
1865,1298378649
1866,1298491273
1868,1298529725
1869,1298606201
1870,1298669695
1871,1298673804
1872,1298682571
1873,1298924024
1877,1299027585
1878,1299039219
1879,1299109023
1882,1299236126
1884,1299282820
1885,1299347747
1886,1299368952
1887,1299525828
1888,1299527768
1890,1299707862
1892,1299746652
1893,1299811393
1894,1299817445
1895,1299841801
1897,1299860790
1901,1299985811
1903,1300132904
1906,1300145313
1909,1300234065
1910,1300297800
1911,1300309571
1912,1300309906
1915,1300408871
1917,1300441664
1918,1300475293
1919,1300483739
1920,1300488870
1921,1300489994
1922,1300498495
1923,1300575910
1925,1300727453
1927,1300753434
1928,1300811429
1929,1300816682
1930,1300820211
1931,1300832908
1932,1300841584
1933,1300901755
1934,1301007484
1935,1301016818
1937,1301247980
1939,1301317156
1941,1301390171
1944,1301445090
1947,1301532789
1948,1301564757
1949,1301585790
1951,1301586071
1952,1301586265
1955,1301595975
1956,1301684865
1957,1301685104
1958,1301690244
1960,1301938161
1961,1301947662
1962,1301952038
1963,1301955504
1964,1302028659
1965,1302042353
1968,1302121853
1969,1302131861
1971,1302144261
1974,1302154679
1975,1302155239
1976,1302213961
1977,1302215231
1978,1302215647
1979,1302247441
1985,1302300866
1986,1302533558
1987,1302539114
1988,1302540577
1989,1302545544
1990,1302564249
1992,1302646345
1993,1302655661
1995,1302803222
1996,1302825678
1999,1303159868
2000,1303163994
2002,1303242353
2003,1303246645
2004,1303294595
2005,1303324429
2006,1303345327
2007,1303380265
2008,1303409880
2012,1303569356
2013,1303758547
2014,1303828538
2015,1303851235
2016,1303851394
2017,1303873084
2018,1303947001
2019,1304001583
2020,1304007164
2021,1304054842
2024,1304336844
2025,1304343014
2026,1304344026
2027,1304367526
2028,1304375832
2029,1304382370
2030,1304385906
2031,1304429374
2032,1304441861
2033,1304464128
2034,1304482165
2035,1304530411
2037,1304537139
2038,1304537436
2039,1304537918
2040,1304545648
2041,1304559484
2042,1304611666
2043,1304618834
2044,1304630988
2045,1304663956
2046,1304684469
2048,1304703711
2049,1304708669
2050,1304718032
2051,1304810498
2052,1304964754
2055,1305044579
2056,1305054404
2057,1305057981
2058,1305065441
2059,1305072379
2060,1305102526
2061,1305147599
2062,1305178734
2063,1305217681
2064,1305225334
2067,1305239481
2068,1305246175
2069,1305253170
2070,1305309888
2071,1305309978
2072,1305313502
2073,1305318560
2074,1305320268
2075,1305329046
2076,1305330797
2077,1305666993
2078,1305739780
2081,1305831499
2082,1305911668
2083,1305912165
2084,1305913441
2085,1305926407
2086,1305948937
2087,1306101713
2088,1306175570
2089,1306181167
2092,1306274254
2095,1306332791
2098,1306402346
2099,1306522339
2100,1306876116
2101,1306883085
2102,1306884587
2105,1306964296
2106,1306965397
2109,1307256644
2110,1307335004
2112,1307565060
2115,1307616796
2116,1307646066
2118,1307723160
2119,1307881035
2120,1307981250
2121,1308004117
2122,1308011116
2124,1308143114
2127,1308163237
2129,1308176970
2130,1308305658
2132,1308330450
2133,1308344256
2135,1308642551
2136,1308644064
2137,1308713621
2139,1308772732
2140,1308773201
2141,1308874895
2144,1309184626
2146,1309262192
2147,1309264735
2149,1309398196
2152,1309552434
2153,1309554091
2155,1310148147
2156,1310482367
2157,1310500344
2158,1310525582
2159,1310557261
2160,1310581553
2162,1310595544
2164,1310677238
2165,1310682017
2170,1310759498
2171,1310938730
2172,1311009368
2173,1311013213
2174,1311020464
2178,1311051462
2179,1311113598
2180,1311114177
2181,1311161753
2183,1311194070
2184,1311246974
2185,1311247049
2186,1311279886
2188,1311377049
2191,1311630851
2192,1311721023
2193,1311842421
2194,1311872547
2195,1311892084
2198,1312212414
2199,1312245426
2200,1312313562
2201,1312330733
2202,1312332621
2203,1312406762
2206,1312560941
2208,1312931122
2209,1312933626
2210,1312974677
2211,1313000117
2214,1313015973
2215,1313080565
2216,1313087068
2217,1313126194
2219,1313389003
2221,1313481411
2223,1313555737
2224,1313567235
2225,1313614694
2226,1313617069
2227,1313617196
2231,1314038395
2232,1314039044
2236,1314073713
2237,1314182239
2243,1314383823
2244,1314387756
2246,1314391234
2247,1314393423
2248,1314393550
2250,1314606520
2251,1314625253
2252,1314638438
2253,1314708117
2254,1314728966
2255,1314729122
2257,1314747520
2258,1314815949
2259,1314840433
2261,1314864985
2262,1314917759
2263,1314922350
2264,1315180859
2265,1315320147
2266,1315333621
2267,1315432867
2268,1315433331
2269,1315513342
2270,1315549809
2271,1315560945
2273,1315596958
2275,1315599925
2276,1315600349
2277,1315612448
2278,1315838920
2279,1315856946
2280,1315873927
2281,1315917958
2283,1315947243
2285,1316039403
2286,1316045083
2288,1316155366
2289,1316182705
2290,1316187756
2291,1316422519
2294,1316524644
2296,1316588605
2297,1316637939
2298,1316666747
2299,1316709997
2301,1316811730
2302,1316818235
2303,1317001338
2306,1317055664
2307,1317222053
2308,1317244374
2309,1317295123
2310,1317320480
2311,1317374644
2312,1317386478
2313,1317663662
2315,1317945709
2316,1318035534
2320,1318703410
2321,1318849570
2322,1318881150
2324,1319004094
2326,1319044132
2327,1319045443
2329,1319141617
2330,1319145402
2331,1319193307
2333,1319562043
2335,1319684878
2336,1319760148
2339,1319858297
2340,1319858301
2342,1320171416
2343,1320258389
2345,1320276170
2346,1320276497
2347,1320279812
2351,1320374002
2352,1320443804
2354,1320528322
2355,1320867024
2357,1321002170
2358,1321004481
2363,1321287509
2366,1321340183
2367,1321356845
2368,1321381143
2370,1321388953
2371,1321391522
2372,1321392536
2373,1321393350
2374,1321399795
2375,1321408777
2376,1321409040
2377,1321432483
2379,1321503351
2381,1321554294
2384,1322030509
2385,1322035477
2386,1322080584
2387,1322126591
2389,1322609220
2390,1322705637
2391,1322776413
2392,1322780122
2393,1322781326
2394,1322782662
2396,1323025416
2398,1323119118
2401,1323143235
2402,1323221482
2405,1323262885
2407,1323288898
2408,1323288986
2409,1323289206
2410,1323296376
2411,1323301608
2412,1323309776
2413,1323312783
2414,1323354385
2415,1323372075
2416,1323401089
2418,1323468694
2419,1323469279
2420,1323478872
2425,1323740141
2426,1323760137
2427,1323801269
2428,1323813527
2429,1323862854
2430,1323938615
2432,1324082042
2433,1324088188
2434,1324157124
2435,1324185091
2436,1324248353
2440,1324429592
2441,1324436507
2442,1324450344
2446,1324517732
2449,1324592961
2450,1324597625
2451,1324682835
2452,1324902919
2453,1325467554
2457,1325710680
2458,1325814474
2459,1325833331
2461,1325977106
2462,1326132757
2463,1326156090
2464,1326207371
2465,1326236982
2470,1326359847
2472,1326414445
2473,1326422331
2474,1326493457
2475,1326582934
2476,1326583252
2477,1326830851
2478,1326839027
2479,1326844223
2480,1326868823
2481,1326905392
2484,1327017908
2485,1327094250
2486,1327101683
2489,1327380461
2493,1327639470
2495,1327941095
2497,1327979029
2498,1328033647
2499,1328038673
2500,1328108556
2502,1328214626
2505,1328306467
2507,1328524848
2508,1328545253
2509,1328565366
2514,1328578852
2516,1328586072
2517,1328637980
2520,1328723190
2521,1328724035
2522,1328724350
2524,1328847308
2527,1328926610
2530,1329126516
2532,1329268661
2533,1329269757
2534,1329335867
2535,1329337550
2537,1329424439
2539,1329430017
2540,1329430585
2542,1329520245
2543,1329732166
2544,1329824437
2545,1329844765
2549,1329934765
2550,1330000279
2554,1330075527
2555,1330121172
2556,1330131672
2557,1330132046
2558,1330285104
2559,1330342047
2560,1330372371
2562,1330494831
2563,1330531064
2564,1330539369
2567,1330623806
2568,1330637455
2569,1330735077
2570,1330998648
2572,1331058273
2573,1331171644
2575,1331181078
2576,1331284030
2578,1331346210
2581,1331648944
2582,1331670072
2585,1331686379
2588,1331733504
2590,1331766588
2591,1331770617
2592,1331806491
2593,1331842384
2594,1331847899
2595,1331849961
2596,1331854837
2606,1331948940
2607,1331949250
2608,1332280731
2609,1332440880
2610,1332448970
2611,1332513409
2612,1332632202
2613,1332681891
2614,1332716544
2615,1332728799
2616,1332737019
2617,1332793955
2618,1332804451
2621,1332923032
2622,1333056391
2627,1333442101
2629,1333464771
2630,1333487187
2634,1333535510
2635,1333737769
2636,1333742119
2637,1333757680
2639,1333844652
2640,1333994291
2642,1334032868
2644,1334060125
2645,1334175502
2646,1334176866
2647,1334178012
2648,1334180768
2649,1334251978
2652,1334360625
2656,1334905089
2657,1335104967
2662,1335243462
2665,1335270763
2666,1335300871
2667,1335387832
2668,1335390047
2669,1335473915
2670,1335482680
2671,1335490494
2674,1335571264
2680,1336021782
2683,1336174892
2684,1336268877
2685,1336373855
2689,1336515119
2691,1336587702
2693,1336690431
2694,1336695818
2699,1337017051
2700,1337036377
2703,1337116177
2707,1337284293
2712,1337576125
2713,1337577319
2714,1337578495
2715,1337646090
2717,1337728899
2718,1337735545
2719,1337802011
2720,1337823013
2721,1337866449
2722,1337950368
2723,1337966922
2725,1338153201
2727,1338247933
2728,1338326594
2729,1338385191
2730,1338399361
2738,1338813872
2739,1338851191
2741,1338946081
2744,1339201098
2745,1339269558
2746,1339396557
2748,1339440145
2752,1339513866
2753,1339679871
2754,1339752315
2755,1339758739
2756,1339782363
2757,1339786399
2758,1339968049
2759,1339985459
2760,1340025802
2761,1340140611
2762,1340195773
2766,1340420203
2767,1340633480
2769,1340752562
2772,1340840307
2773,1340841611
2774,1340841797
2775,1340841817
2777,1340902233
2778,1340922658
2779,1340935385
2780,1340995714
2781,1341235106
2782,1341237080
2783,1341246392
2785,1341297524
2787,1341362469
2788,1341363045
2789,1341525969
2790,1341606896
2791,1341613749
2792,1341619563
2793,1341620247
2802,1341826565
2804,1341869825
2806,1341879672
2807,1341896244
2809,1341938134
2810,1341970568
2811,1341997522
2812,1341999708
2813,1342128462
2814,1342147793
2815,1342161704
2816,1342199907
2818,1342465024
2820,1342547539
2821,1342549230
2822,1342549727
2823,1342560672
2825,1342644624
2826,1342648935
2827,1342684771
2828,1342692196
2832,1342801193
2833,1342801851
2836,1343088716
2837,1343269362
2839,1343321730
2840,1343323029
2841,1343329519
2842,1343333184
2843,1343336612
2844,1343348480
2845,1343349495
2847,1343423980
2848,1343433276
2849,1343541229
2851,1343689739
2852,1343768956
2853,1343817987
2854,1343859194
2856,1343899530
2859,1344217500
2860,1344296634
2861,1344297680
2865,1344550854
2866,1344550890
2867,1344550904
2874,1344550904
2868,1344550945
2870,1344821765
2871,1344822790
2872,1344852531
2873,1344884726
2876,1344981862
2878,1345094879
2884,1345499804
2885,1345592378
2886,1345595963
2887,1345672367
2890,1345779423
2891,1345881055
2892,1346105715
2894,1346187038
2896,1346267052
2901,1346505629
2902,1346627273
2903,1346760500
2906,1346784205
2911,1347050308
2912,1347053861
2917,1347506758
2918,1347514798
2920,1347545665
2924,1348065451
2925,1348097629
2929,1348497486
2930,1348533738
2931,1348551611
2932,1348666887
2933,1348683321
2935,1348764627
2936,1348780214
2937,1348781735
2938,1348784897
2940,1349138591
2941,1349346889
2944,1349373636
2945,1349397388
2949,1349464317
2950,1349468026
2951,1349638160
2952,1349640854
2961,1349717423
2963,1349880724
2965,1349986805
2968,1350068494
2969,1350072436
2970,1350075483
2971,1350326889
2972,1350327094
2980,1350342724
2986,1350408501
2989,1350513322
2992,1350643967
2995,1350814420
2996,1350863666
3000,1351038111
3002,1351101109
3003,1351117696
3005,1351187861
3009,1351207225
3011,1351450104
3012,1351450123
3013,1351450463
3014,1351534035
3017,1351620144
3018,1351624490
3020,1351720496
3021,1351742890
3031,1352157127
3032,1352157926
3033,1352184836
3035,1352229878
3037,1352304531
3039,1352317498
3045,1352757472
3046,1352826898
3049,1352918473
3050,1352944681
3051,1353000091
3056,1353349508
3058,1353373227
3060,1353400144
3064,1353490669
3066,1353551875
3068,1353944948
3070,1354080738
3071,1354163039
3072,1354566128
3073,1354574746
3074,1354580176
3078,1354670406
3079,1354707214
3080,1354736398
3081,1354739207
3082,1354833710
3083,1354908888
3084,1354920473
3085,1355046921
3087,1355169582
3092,1355293651
3093,1355357716
3094,1355365537
3095,1355372623
3096,1355707502
3097,1355708470
3098,1355797339
3099,1355880654
3100,1355943887
3101,1356017938
3103,1356115068
3105,1356583903
3106,1356629904
3107,1356650946
3108,1356696338
3110,1356960953
3112,1357034002
3113,1357249742
3114,1357264182
3115,1357528905
3116,1357531475
3119,1357812763
3120,1358186712
3122,1358370771
3125,1358795269
3126,1358875254
3132,1358895058
3135,1358903754
3137,1359164417
3139,1359356111
3140,1359358618
3144,1359413992
3145,1359429058
3146,1359480142
3147,1359488072
3149,1359565573
3150,1359653592
3151,1359691362
3152,1359742928
3153,1359748475
3154,1359749087
3155,1359750009
3156,1359752363
3158,1359873879
3159,1359927381
3161,1360103842
3165,1360130085
3166,1360181097
3167,1360195777
3168,1360199508
3170,1360250992
3171,1360264246
3172,1360339865
3173,1360340177
3176,1360574479
3177,1360594816
3181,1360624590
3185,1360845577
3186,1360874683
3188,1360958544
3189,1360980424
3190,1361061866
3191,1361140135
3192,1361145763
3193,1361154486
3194,1361181063
3195,1361182659
3196,1361231576
3197,1361231597
3198,1361291600
3200,1361344884
3201,1361395010
3202,1361469855
3203,1361469890
3205,1361488110
3206,1361492282
3207,1361492850
3208,1361500235
3209,1361500302
3210,1361500315
3212,1361541293
3219,1361777341
3220,1361821427
3222,1361832395
3223,1362012901
3226,1362135406
3227,1362188655
3228,1362189199
3230,1362256752
3231,1362380826
3239,1362575197
3240,1362648170
3241,1362681311
3243,1362792934
3246,1363213666
3249,1363300895
3250,1363312463
3252,1363657463
3253,1363727076
3255,1363809413
3256,1363814888
3260,1364151863
3261,1364262441
3262,1364507796
3263,1364549878
3264,1364592745
3265,1364851470
3266,1364923305
3267,1365023670
3270,1365522127
3271,1365537045
3272,1365595728
3273,1365611331
3274,1365663395
3275,1365736087
3278,1366136582
3281,1366304453
3282,1366332241
3285,1366414233
3286,1366490285
3287,1366658509
3290,1366738081
3292,1366790801
3293,1366818818
3295,1366839006
3297,1366879332
3301,1367263844
3302,1367275555
3303,1367364961
3304,1367367616
3305,1367415224
3306,1367428331
3310,1367567997
3312,1367622368
3313,1367892044
3315,1367961934
3316,1368039696
3318,1368150091
3319,1368337593
3320,1368465888
3322,1368488689
3323,1368490875
3324,1368493302
3325,1368576421
3327,1368652927
3328,1368658407
3329,1368762281
3330,1368818031
3331,1369086331
3335,1369170813
3338,1369420664
3340,1369952403
3343,1370278777
3345,1370296585
3347,1370444730
3349,1370471610
3350,1370472452
3351,1370472940
3352,1370552758
3354,1371105199
3355,1371237378
3356,1371382672
3357,1371548555
3358,1371719274
3360,1371778983
3361,1371779263
3362,1371858580
3363,1372156480
3364,1372161998
3369,1372717962
3371,1372805873
3373,1372880797
3374,1373052447
3375,1373053060
3376,1373468258
3377,1373675726
3378,1373962494
3379,1373999846
3380,1374023054
3381,1374054903
3384,1374118148
3385,1374182142
3386,1374252964
3389,1374596341
3393,1374682936
3394,1374739192
3395,1374774977
3397,1374787549
3398,1374843512
3399,1374878156
3400,1374881618
3401,1375055031
3402,1375088774
3403,1375342668
3405,1375375358
3406,1375391777
3407,1375427811
3408,1375429315
3409,1375440397
3410,1375478863
3411,1375770656
3412,1375813129
3413,1375980518
3414,1376007841
3415,1376085336
3416,1376257046
3417,1376268118
3418,1376296475
3420,1376350636
3421,1376427822
3422,1376435008
3423,1376484970
3424,1376578580
3425,1376608139
3427,1376693295
3428,1376695010
3432,1376952957
3433,1377075598
3434,1377090339
3435,1377121985
3437,1377285892
3438,1377552487
3439,1377641169
3440,1377650101
3441,1377660201
3442,1377698217
3444,1377730005
3447,1378232091
3450,1378292913
3451,1378406012
3455,1378749692
3457,1378936383
3458,1379024864
3459,1379085065
3461,1379363922
3464,1379467649
3465,1379477411
3466,1379515165
3467,1379522135
3468,1379524949
3469,1379532377
3474,1379800035
3475,1379800041
3476,1379800060
3477,1379800866
3478,1379951270
3479,1380000456
3480,1380047561
3481,1380098652
3482,1380146306
3486,1380197096
3487,1380209166
3488,1380210933
3489,1380304674
3490,1380557418
3491,1380566597
3492,1380653856
3494,1380746214
3495,1380750025
3496,1380836376
3497,1380837840
3499,1380844977
3504,1381094611
3506,1381196475
3507,1381200802
3508,1381262160
3509,1381272783
3510,1381359765
3511,1381438709
3512,1381519112
3513,1381527873
3515,1381754328
3516,1381776722
3517,1381776988
3518,1381777402
3520,1381949504
3524,1381991588
3525,1381992751
3526,1382041766
3530,1382381737
3537,1382474442
3543,1382567154
3544,1382593177
3545,1382646488
3547,1382726134
3549,1383000785
3550,1383046919
3552,1383171913
3553,1383173108
3554,1383205260
3559,1383408178
3561,1383600790
3566,1383868544
3567,1384219982
3568,1384306697
3570,1384368520
3571,1384369291
3574,1384459449
3575,1384540110
3576,1384554651
3577,1384562422
3578,1384562725
3579,1384565691
3581,1384755178
3582,1384799085
3583,1384828387
3584,1384890930
3586,1385165486
3590,1385502131
3591,1385574834
3592,1385576115
3593,1385585785
3594,1385592541
3596,1385627708
3597,1385658450
3598,1385666874
3606,1386113291
3607,1386177534
3608,1386187047
3609,1386187419
3612,1386258372
3616,1386688190
3617,1386707169
3621,1386911257
3623,1386946392
3625,1387030134
3627,1387200404
3628,1387213319
3630,1387260964
3632,1387313657
3633,1387359052
3637,1387583034
3639,1387668776
3640,1387759388
3641,1387838772
3643,1388161628
3646,1388323336
3649,1389043162
3650,1389059571
3651,1389060116
3652,1389065684
3655,1389143281
3656,1389158495
3657,1389201511
3660,1389274798
3661,1389290607
3662,1389392309
3664,1389661740
3667,1389746108
3668,1389749026
3669,1389815209
3670,1389899399
3671,1389902167
3672,1389915030
3673,1389923926
3674,1389940717
3675,1389940889
3676,1389941774
3677,1390002154
3678,1390292488
3679,1390331149
3681,1390343449
3682,1390425758
3699,1390458315
3700,1390458344
3701,1390458355
3702,1390458476
3703,1390458498
3704,1390458510
3705,1390458549
3706,1390458552
3707,1390458581
3708,1390458584
3709,1390458586
3710,1390458616
3711,1390458629
3712,1390458801
3713,1390458913
3714,1390459231
3717,1390491851
3718,1390492430
3720,1390509579
3721,1390524262
3722,1390606803
3724,1390611442
3725,1390801795
3726,1390835144
3729,1390885941
3730,1391011593
3733,1391072188
3734,1391127267
3736,1391188492
3737,1391192412
3738,1391199650
3739,1391318105
3741,1391412612
3744,1391544266
3745,1391641578
3746,1391656802
3747,1391658265
3749,1391726414
3752,1391758276
3753,1391795144
3754,1391818594
3755,1391818869
3763,1392151460
3771,1392850338
3772,1392861532
3773,1392907088
3774,1392938431
3776,1393197262
3779,1393362187
3782,1393519832
3794,1393897895
3796,1393970966
3798,1394094829
3801,1394240296
3802,1394331564
3804,1394473729
3805,1394498182
3806,1394579646
3807,1394580257
3808,1394581103
3809,1394733284
3811,1394751491
3812,1394758082
3813,1394770643
3815,1395107522
3816,1395115796
3818,1395263039
3819,1395263537
3820,1395264196
3821,1395266140
3823,1395273860
3824,1395342159
3825,1395367623
3826,1395367957
3827,1395382141
3828,1395504786
3830,1395627577
3831,1395692425
3832,1395699712
3833,1395770212
3836,1395866816
3837,1395875823
3853,1396040605
3857,1396382248
3858,1396446236
3859,1396474412
3860,1396475512
3861,1396483682
3864,1396532490
3867,1396603875
3868,1396604482
3869,1396604948
3870,1396608373
3871,1396631612
3872,1396995914
3874,1397064782
3879,1397138182
3880,1397158632
3881,1397159212
3882,1397171592
3887,1397427840
3888,1397472706
3889,1397478724
3891,1397502078
3892,1397502499
3894,1397510547
3895,1397510718
3896,1397515376
3897,1397671741
3900,1397691775
3902,1397751303
3903,1397762308
3905,1397864505
3906,1398110036
3907,1398118463
3909,1398238506
3910,1398255777
3912,1398709353
3913,1398816823
3915,1398981186
3916,1398981719
3917,1399023812
3919,1399340922
3920,1399364652
3921,1399366197
3923,1399369913
3922,1399370675
3927,1399427808
3928,1399485823
3929,1399487657
3930,1399508219
3936,1400003972
3940,1400238608
3943,1400313545
3944,1400314585
3945,1400381059
3947,1400531460
3948,1400531646
3949,1400536168
3950,1400542151
3951,1400542350
3953,1400577263
3955,1400609620
3956,1400699025
3958,1400775500
3960,1400783274
3962,1400916404
3964,1401169825
3967,1401336974
3968,1401388416
3969,1401390887
3972,1401447546
3973,1401478544
3974,1401483961
3975,1401485341
3976,1401490466
3978,1401567464
3980,1401702645
3982,1401744048
3983,1401756429
3984,1401759988
3985,1401761419
3987,1401916109
3988,1402073719
3989,1402098437
3990,1402182384
3991,1402183036
3992,1402200380
3995,1402266807
3996,1402290477
3997,1402298596
3998,1402307929
3999,1402308118
4000,1402308397
4001,1402340300
4003,1402350770
4004,1402376754
4007,1402467804
4010,1402610196
4011,1402615703
4012,1402667612
4013,1402707588
4014,1402707721
4016,1403042257
4017,1403044148
4018,1403109853
4019,1403116493
4020,1403116825
4021,1403129652
4022,1403141280
4023,1403144120
4026,1403181903
4027,1403219055
4028,1403225802
4029,1403294940
4030,1403301809
4031,1403306587
4032,1403419945
4033,1403490180
4034,1403495205
4035,1403498129
4036,1403498929
4037,1403640774
4038,1403729200
4041,1403817022
4042,1403879346
4043,1403922240
4044,1404101678
4046,1404151032
4048,1404500676
4050,1404760292
4051,1404773238
4052,1404972233
4053,1404972594
4055,1405116381
4056,1405210337
4057,1405360343
4058,1405457860
4063,1405948372
4067,1406047005
4071,1406243118
4073,1406257183
4074,1406322004
4075,1406322814
4076,1406325316
4079,1406579800
4081,1406646500
4082,1406677663
4083,1406710561
4085,1406766556
4086,1406791739
4088,1406828553
4089,1406830362
4090,1406834847
4097,1406928288
4098,1407122009
4099,1407122480
4100,1407141390
4103,1407217887
4105,1407321840
4106,1407341040
4108,1407347093
4109,1407347425
4110,1407372099
4113,1407700920
4115,1407756069
4116,1407773719
4118,1407887803
4121,1407942376
4122,1407953997
4123,1407954789
4125,1408038741
4126,1408160392
4127,1408199985
4129,1408337461
4130,1408387097
4131,1408431786
4132,1408483744
4133,1408487859
4134,1408558794
4135,1408577228
4137,1408603548
4139,1408653029
4140,1408848281
4142,1409205660
4148,1409523053
4149,1409638745
4150,1409649503
4151,1409779045
4152,1409781184
4154,1409908165
4155,1409913133
4156,1409955209
4157,1409962568
4158,1410046434
4159,1410046680
4161,1410227482
4163,1410287007
4164,1410387443
4166,1410467126
4169,1410540767
4170,1410760278
4171,1410828237
4175,1410875330
4176,1410901713
4177,1410902088
4178,1410902324
4179,1410902431
4180,1410902599
4181,1410902754
4182,1410902964
4184,1411066136
4185,1411142714
4186,1411157375
4187,1411235698
4188,1411349203
4194,1411427476
4195,1411437500
4196,1411502358
4197,1411523262
4201,1411658366
4205,1411869624
4211,1412030905
4212,1412091096
4214,1412106933
4215,1412108709
4217,1412161800
4218,1412194395
4219,1412201033
4220,1412274545
4222,1412607851
4223,1412800197
4224,1412807755
4226,1412887495
4227,1412903214
4230,1413147971
4235,1413323683
4238,1413414077
4240,1413497037
4241,1413506951
4242,1413685083
4244,1413908247
4247,1414093599
4248,1414156990
4250,1414451615
4252,1414521959
4256,1414714846
4257,1414728164
4258,1414730510
4260,1414864157
4261,1414880524
4262,1414880694
4265,1415068339
4267,1415120155
4272,1415152889
4273,1415152943
4274,1415153054
4275,1415153133
4296,1415175817
4298,1415205393
4299,1415231266
4305,1415235759
4312,1415237687
4314,1415413203
4315,1415414279
4317,1415430584
4322,1415709344
4324,1415727756
4325,1415766723
4326,1415801232
4327,1415812884
4329,1415857586
4330,1415912142
4331,1416007122
4335,1416187910
4338,1416418424
4339,1416423176
4340,1416551047
4342,1416848325
4343,1416868980
4344,1417022732
4345,1417054016
4347,1417113270
4351,1417543099
4353,1418159371
4355,1418277934
4356,1418322324
4361,1419816916
4363,1419874838
4369,1420561575
4371,1420657583
4376,1420839159
4377,1420839480
4381,1421347570
4383,1421384705
4384,1421410981
4386,1421428027
4387,1421871488
4392,1422135169
4394,1422251191
4395,1422270349
4397,1422309460
4399,1422409706
4402,1422554228
4403,1422645247
4404,1422655197
4406,1422899228
4409,1423071961
4410,1423086057
4412,1423609946
4414,1423656755
4415,1423695700
4416,1423698328
4418,1423811990
4419,1423812199
4423,1424080869
4426,1424387481
4431,1424591353
4432,1424745858
4433,1424805367
4437,1425021244
4439,1425308929
4440,1425331883
4443,1425423051
4444,1425425416
4445,1425447649
4447,1425574704
4448,1425580161
4452,1425665871
4457,1426069089
4459,1426224374
4460,1426268048
4461,1426271994
4462,1426589248
4463,1426610340
4464,1426660865
4465,1426720925
4466,1426721959
4468,1426737260
4473,1426865190
4474,1426867542
4475,1426915155
4476,1427097227
4477,1427125797
4478,1427136329
4479,1427143613
4480,1427144055
4481,1427168592
4482,1427233217
4484,1427389083
4485,1427495541
4486,1427744718
4487,1427755997
4488,1427831420
4490,1427877309
4491,1427909903
4492,1427913037
4493,1427931614
4494,1427953951
4496,1428022158
4497,1428062280
4498,1428112350
4499,1428130687
4500,1428396524
4501,1428484578
4502,1428519698
4503,1428581414
4505,1428966922
4506,1429005246
4507,1429111210
4508,1429113465
4509,1429135242
4510,1429161498
4512,1429516232
4513,1429710280
4514,1429749678
4515,1429782250
4516,1429786667
4519,1429901111
4520,1429980824
4523,1430333229
4524,1430353025
4527,1430405840
4528,1430515873
4529,1430515945
4530,1430600965
4531,1430884748
4532,1430897751
4533,1430907416
4534,1430909840
4535,1430910739
4537,1430949176
4538,1430949521
4541,1431115211
4543,1431372205
4545,1431372941
4546,1431449612
4548,1431458099
4551,1431628313
4556,1431762947
4559,1431923046
4561,1432039535
4562,1432089828
4564,1432165218
4569,1432275907
4571,1432599452
4572,1432626361
4576,1432837523
4580,1433125353
4581,1433147051
4587,1433375662
4590,1433417414
4599,1433441140
4592,1433707244
4602,1434372527
4603,1434378280
4617,1435700477
4618,1435746839
4623,1436203778
4624,1436228254
4625,1436299233
4626,1436311869
4627,1436312394
4628,1436384580
4629,1436505459
4630,1436506651
4631,1436507152
4632,1436509728
4635,1437463337
4636,1437600277
4637,1437601929
4640,1437756716
4641,1437941206
4642,1437944262
4644,1438015724
4646,1438237934
4647,1438617000
4649,1438711116
4650,1438800869
4652,1438985459
4664,1440652912
4665,1440749615
4670,1441383885
4674,1441953117
4677,1442266057
4679,1442376748
4682,1442568952
4683,1442862830
4684,1442886517
4686,1443196591
4687,1443706399
4688,1444024815
4689,1444046458
4690,1444083096
4691,1444084806
4694,1444165858
4695,1444225999
4696,1444242640
4700,1444844151
4701,1444844904
4703,1444931718
4705,1445085449
4707,1445303877
4712,1445846790
4715,1445923846
4721,1446232678
4722,1446256835
4723,1446360859
4725,1446610350
4726,1446611578
4727,1446650274
4730,1447102026
4731,1447188123
4732,1447244413
4733,1447372450
4734,1447445112
4736,1447462137
4737,1447714690
4739,1447982361
4740,1447982391
4743,1448124138
4745,1448480423
4748,1448801972
4751,1449001810
4752,1449001959
4753,1449017797
4755,1449273911
4756,1449397568
4757,1449456042
4758,1449582749
4759,1449769407
4760,1449791750
4762,1450207894
4763,1450413472
4767,1451864825
4768,1451877126
4769,1451892489
4770,1451945367
4772,1452191588
4773,1452287486
4774,1452389781
4775,1452455797
4779,1452711464
4782,1452996787
4786,1453762161
4789,1453989553
4790,1454031898
4791,1454091879
4793,1454320332
4794,1454453654
4795,1454563799
4798,1454904169
4799,1455003348
4800,1455100456
4801,1455112362
4804,1455124212
4806,1455144719
4808,1455311019
4811,1455733521
4812,1455780883
4813,1455803865
4814,1455920837
4816,1456530421
4818,1456776657
4819,1456863523
4821,1456958454
4822,1456998113
4824,1457067186
4826,1457181463
4832,1457424266
4833,1457459577
4834,1457473515
4841,1457737153
4845,1458600302
4849,1458725007
4850,1458943857
4851,1458943982
4854,1459228754
4860,1459606838
4861,1459780953
4864,1459896117
4865,1460034241
4867,1460475347
4868,1460483242
4869,1460488164
4873,1460673276
4877,1461248992
4878,1461357051
4880,1461621307
4881,1461856861
4883,1461868888
4887,1462471621
4888,1462487266
4889,1462843857
4892,1462989914
4895,1463183383
4896,1463433750
4897,1463436556
4900,1463571701
4902,1463900233
4907,1464005713
4908,1464020540
4909,1464037163
4910,1464125167
4916,1464823649
4917,1464824138
4918,1464824154
4921,1464983415
4922,1465248090
4929,1466085149
4930,1466102327
4932,1466427538
4933,1466615553
4934,1466723180
4935,1466724233
4937,1467010030
4938,1467059690
4940,1467141407
4942,1467586288
4943,1467644815
4944,1467701024
4945,1467905352
4946,1467944395
4947,1468483414
4948,1468535494
4949,1468622104
4950,1468648893
4953,1468943113
4954,1468949119
4955,1469014690
4956,1469169837
4957,1469223765
4958,1469394381
4959,1469409290
4960,1469451368
4961,1469452255
4964,1470287527
4965,1470372738
4966,1470432096
4967,1470669544
4968,1470728294
4971,1471321025
4972,1472514347
4973,1472575813
4974,1472679780
4975,1472681073
4976,1472687822
