105
137
142
146
15
196
201
22
248
260
261
268
274
285
286
287
290
292
293
295
299
301
302
303
304
305
306
307
308
309
310
311
312
314
315
316
319
320
321
323
324
327
328
329
330
331
334
335
336
337
338
339
340
341
343
344
345
349
35
350
352
353
354
359
36
362
363
364
368
369
37
370
372
373
374
375
376
378
379
380
381
382
383
387
388
389
390
392
395
397
398
399
400
401
402
403
404
407
411
413
414
415
416
418
421
422
423
424
425
426
428
429
430
431
433
434
436
437
439
440
441
442
444
445
446
447
448
449
450
451
452
454
455
457
459
461
462
463
464
468
469
470
471
475
489
494
495
497
499
500
501
504
505
507
508
510
511
512
517
52
522
527
528
532
537
538
54
540
544
545
546
550
553
556
558
559
560
568
569
570
577
597
599
609
615
622
632
633
634
637
642
645
646
647
648
649
650
655
658
664
665
683
684
690
691
705
715
75
785
812