1005
1023
1029
1077
1105
1167
1209
1225
1240
1242
1256
126
1274
1330
1360
1366
1371
1392
1460
1473
1479
1480
1519
1520
1549
1580
1621
1636
1677
1684
1742
1768
1777
1782
1800
1801
1803
1806
1807
1814
1818
1823
1848
1853
1855
1856
1865
1875
1893
1896
1898
1914
1917
1919
1927
1932
1936
1949
1952
1983
1985
1990
1991
1998
2006
2008
2013
2014
2019
2026
2029
2030
2049
2051
2052
2054
2056
2058
2060
2062
2064
2072
2073
2074
2084
2091
2096
2101
2109
2111
2114
2115
2116
2124
2128
2129
2133
2135
2142
2146
2154
2156
2157
2164
2170
2171
2172
2173
2174
2178
2182
2184
2186
2187
2190
2193
2195
2197
2198
2199
2201
2202
2210
2211
2212
2213
2221
2224
2227
2229
2235
2239
2243
2244
2245
2246
2247
2249
2251
2252
2256
2261
2262
2263
2264
2265
2269
2276
2279
2280
2281
2283
2284
2285
2294
2295
2297
2299
2302
2307
2311
2316
2317
2319
2325
2330
2332
2335
2337
2338
2340
2342
2349
2354
2355
2358
2364
2365
2366
2375
2379
2380
2383
2385
2388
2393
2405
2407
2413
2414
2429
2440
2442
2450
2455
2457
2458
2459
2460
2463
2464
2465
2466
2467
2470
2474
2475
2477
2488
2490
2491
2492
2494
2500
2509
2510
2517
2521
2532
2536
2537
2539
2547
2548
2551
2558
2573
2574
2576
2579
2581
2606
2611
2615
2617
2621
2622
2628
2633
2635
2636
2642
2647
2651
2678
2680
2683
2684
2687
2690
2693
2694
2722
2725
2726
2735
2737
2743
2747
2750
2757
2758
2775
2777
2778
2785
2786
2789
2797
2798
2804
2806
2808
2818
2819
2822
2841
2845
2847
2852
2853
2859
2861
2862
2874
2886
2890
2893
2901
2905
2906
2909
2913
2914
2920
2923
2924
2926
2931
2934
2936
2944
2948
2949
2951
2953
2959
2961
2964
2978
2982
2988
2992
2993
2997
2998
3001
3006
3007
3009
3025
3027
3034
3038
3039
3041
3050
3051
3052
3057
3059
3072
3079
3082
3093
310
3104
3113
3117
3125
3127
3128
3131
3133
3144
3145
3156
3162
3178
3194
3207
3210
3212
3217
3218
3253
3265
3296
3306
3316
3356
3399
3404
3405
3414
430
458
497
523
553
583
590
645
666
674
680
706
707
714
727
736
770
815
847
851
856
857
872
885
915
936
972
991