2316
2317
2315
2311
297
2269
2261
2264
2442
2047
2040
2049
2684
2686
2687
2680
2682
2683
1991
3205
3203
1626
3209
3208
2861
2862
2864
2865
3348
3343
3341
1177
1371
2746
2306
2270
2279
2459
2458
2052
2054
2056
2058
2157
2697
2693
2692
2690
3222
3232
3233
3230
3236
3234
3235
3238
3239
1962
1963
2870
2875
2874
3351
3350
2964
761
3327
3216
2190
2191
2193
2194
2195
2197
2198
2201
2204
2205
2206
2207
2208
3210
169
2517
2735
2737
1818
3229
3228
1604
3223
2847
2845
2841
3324
3326
2806
2998
2999
3038
3039
3034
2992
3037
3030
3031
3032
2997
2993
2994
3033
1392
2183
2182
2187
2186
2185
2184
2213
2212
2211
2210
2214
2433
2508
2507
2505
2500
2726
2725
2722
1807
1803
1948
1949
3250
3251
3253
3255
3256
3257
2859
3207
1990
2853
2852
2856
3332
3331
3335
3202
1703
2988
3029
3028
3027
2982
3025
3022
3020
3163
236
2944
2229
2227
2224
2223
2221
2080
2087
2539
2536
2716
2718
2156
2402
2152
2153
1952
3249
3242
3240
823
3306
3305
3302
3019
1994
3012
2796
3017
2880
2886
2887
3275
3194
3193
2239
2744
2235
2096
2098
2709
2707
1823
2146
2413
2415
2142
2140
2149
3276
3277
3274
3272
3273
1927
2410
3319
2511
3310
3312
3314
3007
3006
3001
3002
3009
1580
2896
2890
2893
2892
1105
2137
2557
2558
2392
2393
2778
2775
2777
1853
2172
2173
2171
2176
3160
2174
2178
2606
2608
2609
1932
3267
3269
3268
3071
3077
3078
2955
2950
2952
2953
1029
3104
3103
2302
2548
2380
2383
2385
2388
2767
900
2169
2168
2163
2617
2611
1908
1907
3291
3063
3062
3061
3067
3066
2949
2948
3068
2940
3117
3116
3113
3110
3262
3265
2281
2283
2284
2579
2576
2577
2574
2573
2378
2379
2375
2373
2594
1872
974
2119
2110
2111
2114
2622
2620
2621
2628
1919
3285
1914
1917
2024
2757
2026
2750
2029
2758
2978
3059
3057
3050
3051
3123
3120
3127
3125
1460
2299
2297
2295
2294
2368
2366
2364
2581
1865
2109
2107
2638
2635
2636
2630
2633
2632
2743
2742
2747
2030
3097
2967
2961
1782
2968
3041
3043
3046
1077
3137
3136
3131
1256
1525
2074
2359
2355
1898
1893
2134
2133
2139
2641
2642
2647
2000
2006
2008
3197
2913
2914
2915
2179
1660
3140
3142
3143
3144
2829
3146
2824
2825
2826
2822
3383
3093
3094
3095
3098
2340
2349
2123
2125
2124
2126
2651
2656
2655
2014
2017
2013
2901
2906
2905
2904
2909
3153
3152
3217
3157
3156
3155
3154
3159
1636
1506
1504
3085
3084
3087
3080
3083
3082
2330
2335
2338
3072
3073
3074
2959
3079
2489
2484
2951
2249
2244
2245
2247
2240
2243
2465
2467
2460
2069
2798
2060
2793
2062
2064
2797
2794
2795
2664
2662
1748
2939
2936
2934
2935
2933
2931
2808
3167
3162
2804
3161
1423
3369
3364
3360
3362
2405
3180
3183
3109
2326
2325
1441
261
2256
2252
2251
2477
2474
2470
2479
2785
2786
2788
2079
2073
2072
3226
2672
2678
2920
2923
2924
2926
3212
3218
3219
706
2815
2816
2819
2818
3179
3171
3173
3172
3175
3174
3177
3176
3372
1366
3195
3190