798,1241236973
974,1253749718
978,1253919861
1026,1255728215
1027,1255968444
1056,1256692065
1064,1256863706
1065,1256871901
1080,1257888840
1084,1257900296
1093,1258136876
1101,1258770527
1107,1259119138
1108,1259128327
1119,1259712179
1120,1259795489
1121,1259801209
1124,1259870011
1128,1259963367
1142,1260403436
1144,1260406790
1145,1260408922
1146,1260487271
1152,1260857498
1155,1260917281
1157,1260991649
1158,1261014927
1159,1261015382
1165,1261186002
1171,1261678187
1172,1261692787
1176,1262659012
1180,1262802114
1183,1263296460
1184,1263339088
1186,1263427342
1187,1263436893
1188,1263497566
1189,1263498905
1191,1263541612
1193,1263596184
1194,1263596373
1195,1263607969
1197,1263942354
1199,1264042526
1201,1264197278
1204,1264550138
1208,1264726217
1210,1264728576
1212,1264751308
1213,1264797136
1217,1265215205
1219,1265225369
1220,1265245338
1227,1265420100
1230,1265657571
1231,1265658649
1233,1265785783
1236,1265876967
1238,1266316608
1239,1266345994
1241,1266364019
1243,1266535591
1245,1266616495
1247,1266633195
1252,1266891313
1255,1266954249
1258,1267056971
1263,1267150931
1272,1267568757
1273,1267594907
1277,1267815723
1278,1267829237
1289,1268238994
1290,1268268733
1293,1268354392
1299,1268691146
1301,1268751984
1303,1268845151
1327,1269524423
1332,1269630950
1339,1269984270
1341,1269992991
1343,1269995177
1346,1270071746
1364,1270682929
1366,1270698187
1374,1271121363
1377,1271192399
1382,1271796188
1397,1272576945
1400,1272653854
1401,1272903332
1448,1276362114
1470,1277737429
1475,1277840245
1576,1282952879
1577,1282955805
1615,1284681388
1633,1285026124
1664,1286222200
1711,1289004826
1733,1289958444
2951,1349638160
2952,1349640854
3655,1389143281
