2122
2409
2495
2689
3421
3434
3478
3482
3507
3517
3537
3773
3804
3861
3870
3892
3956
3958
3960
3968
3969
3973
3974
3976
3978
3982
3983
3984
3985
3988
3990
3991
3995
3996
3997
3998
3999
4000
4003
4011
4013
4014
4017
4018
4019
4020
4021
4022
4023
4027
4028
4029
4030
4031
4032
4033
4034
4035
4037
4038
4041
4043
4044
4046
4048
4050
4051
4052
4053
4055
4056
4057
4058
4067
4071
4074
4075
4076
4079
4082
4085
4086
4088
4089
4098
4099
4100
4105
4106
4108
4109
4110
4113
4116
4118
4122
4123
4125
4127
4129
4132
4133
4134
4135
4137
4139
4140
4149
4151
4154
4155
4156
4157
4158
4159
4161
4164
4166
4169
4170
4171
4175
4176
4177
4178
4179
4180
4181
4182
4184
4186
4187
4194
4195
4196
4197
4201
4205
4212
4214
4215
4217
4218
4219
4220
4223
4224
4226
4227
4230
4235
4238
4241
4250
4252
4256
4257
4258
4261
4262
4267
4298
4299
4312
4314
4324
4325
4335
4492
4794