1283
1314
2055
2119
2173
2257
2267
2275
2281
2313
2322
2326
2339
2346
2347
2352
2354
2355
2363
2366
2370
2379
2384
2385
2387
2391
2402
2405
2408
2410
2412
2413
2415
2418
2426
2427
2428
2430
2432
2442
2453
2457
2458
2462
2472
2477
2484
2486
2489
2493
2497
2498
2502
2505
2508
2509
2514
2530
2532
2533
2534
2535
2540
2549
2550
2556
2559
2563
2564
2568
2569
2570
2572
2573
2576
2578
2581
2585
2588
2590
2593
2596
2608
2609
2616
2618
2621
2627
2636
2637
2639
2640
2642
2644
2645
2649
2652
2662
2665
2666
2669
2671
2680
2691
2693
2694
2699
2712
2714
2717
2721
2727
2729
2730
2739
2741
2744
2745
2748
2756
2759
2760
2761
2766
2775
2777
2779
2780
2781
2782
2783
2785
2787
2790
2804
2806
2807
2809
2811
2814
2815
2820
2821
2822
2823
2825
2827
2832
2837
2839
2840
2842
2844
2848
2854
2856
2859
2860
2861
2866
2871
2876
2886
2887
2890
2891
2896
2912
2917
2918
2920
2929
2930
2931
2932
2935
2936
2937
2938
2940
2944
2950
2961
2963
2968
2971
2972
2980
2996
3018
3020
3033
3035
3039
3045
3051
3058
3092
3099
3106
3107
3116
3125
3139
3140
3147
3418
438
4464