731,1237936262
2119,1307881035
2172,1311009368
2183,1311194070
2206,1312560941
2232,1314039044
2271,1315560945
2280,1315873927
2289,1316182705
2308,1317244374
2310,1317320480
2316,1318035534
2327,1319045443
2346,1320276497
2347,1320279812
2352,1320443804
2354,1320528322
2363,1321287509
2366,1321340183
2368,1321381143
2375,1321408777
2377,1321432483
2385,1322035477
2386,1322080584
2390,1322705637
2401,1323143235
2405,1323262885
2411,1323301608
2420,1323478872
2425,1323740141
2426,1323760137
2436,1324248353
2440,1324429592
2441,1324436507
2459,1325833331
2462,1326132757
2464,1326207371
2465,1326236982
2472,1326414445
2475,1326582934
2476,1326583252
2479,1326844223
2481,1326905392
2486,1327101683
2489,1327380461
2493,1327639470
2495,1327941095
2497,1327979029
2505,1328306467
2507,1328524848
2509,1328565366
2516,1328586072
2534,1329335867
2535,1329337550
2539,1329430017
2540,1329430585
2543,1329732166
2544,1329824437
2545,1329844765
2549,1329934765
2550,1330000279
2554,1330075527
2555,1330121172
2556,1330131672
2557,1330132046
2558,1330285104
2559,1330342047
2562,1330494831
2563,1330531064
2610,1332448970
2707,1337284293
2753,1339679871
2814,1342147793
2853,1343817987
2886,1345595963
2929,1348497486
2951,1349638160
2952,1349640854
3108,1356696338
3119,1357812763
3415,1376085336
3655,1389143281
