3,1154401509
4,1154401828
7,1154746206
8,1154970569
9,1155135831
12,1155331704
13,1155593370
14,1155750273
15,1155768417
16,1155769278
17,1155769365
18,1155769669
19,1155769827
20,1155769919
21,1155770018
22,1155771159
23,1155771359
24,1156166855
25,1156183975
26,1156184803
27,1156186637
28,1156187427
31,1156372892
32,1156373953
34,1156521445
35,1156808165
39,1157138972
41,1157609185
42,1157668005
43,1157825455
44,1158016087
45,1158623693
46,1158623986
47,1158625972
48,1158626851
49,1158627927
50,1158628132
51,1158628365
52,1158628619
53,1158628821
54,1158629134
56,1158771336
58,1159013017
59,1159190567
60,1159382965
61,1159450164
62,1159925637
66,1160393580
67,1161715112
68,1161929434
69,1161964265
70,1162250471
71,1162256789
72,1162261694
73,1162333157
74,1162435680
75,1162840732
76,1162874148
77,1163094944
78,1163293547
80,1163448069
82,1163619546
83,1163620209
86,1164073371
87,1164600100
90,1166180772
91,1166789233
95,1167865894
96,1168360880
97,1168362815
98,1168374539
99,1168460728
100,1168470387
102,1169006850
103,1169053711
104,1169065392
106,1169565636
107,1169686190
108,1169686648
109,1169686931
110,1169687115
111,1169688302
112,1169689088
113,1169690642
115,1170098446
116,1170109738
118,1170259553
119,1170287913
120,1170297637
121,1170297745
122,1170308080
123,1170313516
132,1170888038
133,1170888756
134,1170899241
135,1170900009
139,1170980343
140,1171049907
142,1171353534
143,1171387149
144,1171387513
146,1171454407
148,1171489524
150,1171550295
154,1171935665
155,1171947213
157,1172029729
162,1173067824
165,1173463592
167,1173525304
171,1173795636
172,1173820819
173,1173832697
174,1174325501
175,1174348645
177,1174475983
178,1174541345
179,1174592979
180,1174683800
181,1174922809
185,1175052331
186,1175068210
188,1175068571
189,1175068968
190,1175102936
191,1175113226
192,1175140212
197,1175499662
199,1175729691
200,1175731993
201,1175733678
202,1175734564
203,1175763345
204,1175803061
206,1175872340
207,1175893004
208,1175898355
209,1175899973
210,1175902049
211,1176135125
212,1176213879
214,1176306156
215,1176340153
216,1176462714
217,1176506106
218,1176820752
219,1176841892
220,1176843505
221,1176884270
222,1176915702
223,1176929640
224,1176988027
225,1177437935
227,1177469532
228,1177484375
229,1177492929
230,1177707034
231,1177981649
232,1178064031
233,1178117442
234,1178144999
237,1178579424
238,1178918470
241,1179578503
244,1179974934
245,1180274631
248,1180639743
249,1180701562
251,1181147351
253,1181243916
255,1181342364
256,1181390893
257,1181669242
258,1181672503
260,1181920513
261,1182290555
264,1182553792
265,1182725145
267,1182945048
269,1182968793
270,1183020206
271,1183130320
272,1183143198
274,1183321559
276,1183508835
278,1183668586
280,1183754965
281,1183990164
282,1183996781
283,1184194966
284,1184595063
285,1184653770
286,1184839872
287,1184876593
288,1184940060
290,1184961572
291,1185226786
292,1185308921
294,1185380041
295,1185380124
296,1185386340
303,1185828707
304,1185895990
308,1186445735
311,1186689097
312,1186710190
313,1186787673
314,1187112864
315,1187118250
316,1187130460
318,1187273329
319,1187275256
320,1187296763
321,1187388000
322,1187388846
323,1187626035
324,1187633924
325,1187741013
326,1187755116
327,1187816655
328,1187818140
329,1187820641
330,1187821223
331,1187903301
333,1187957753
334,1187958707
335,1187989108
336,1187990760
339,1188235317
340,1188315633
341,1188350083
342,1188382142
343,1188393321
345,1188491024
346,1188499080
347,1188508724
348,1188888947
349,1188983390
350,1188984458
351,1189081570
352,1189089957
353,1189115295
354,1189117792
355,1189150866
356,1189193199
357,1189205785
358,1189206104
359,1189227831
360,1189280126
361,1189346770
362,1189348146
363,1189370618
364,1189537057
365,1189562302
366,1189607231
367,1189614638
368,1189692292
369,1189784757
370,1189786035
371,1189792346
372,1189792444
375,1190137157
376,1190219014
377,1190220805
378,1190315228
379,1190351905
380,1190400492
381,1190429396
382,1190650324
383,1190710097
384,1190763794
385,1190815492
386,1190903166
387,1190942691
388,1190998307
389,1191268193
391,1191449671
392,1191508831
393,1191712181
394,1191717701
395,1191852235
396,1191852862
397,1191856688
398,1192018418
399,1192056498
400,1192197910
401,1192203341
402,1192245361
403,1192477718
405,1192567733
409,1192670927
410,1192800313
413,1193153477
414,1193229062
415,1193241481
416,1193249247
418,1193260781
419,1193376277
420,1193384808
421,1193445324
422,1193514686
423,1193579886
424,1193660661
425,1193779931
426,1193924084
427,1193925500
428,1193938780
429,1193964469
433,1194326623
434,1194330487
437,1194531782
438,1194578087
439,1194655424
440,1194658086
441,1194948229
442,1195066463
443,1195150733
444,1195378122
445,1195384644
446,1195501859
447,1195527873
449,1195599215
452,1196077689
453,1196085126
455,1196207068
456,1196399474
457,1196638191
458,1196718437
459,1196872709
460,1196896919
461,1196952435
462,1196952993
464,1197410636
466,1197513628
467,1197642708
468,1197834256
470,1198064127
471,1198087467
472,1198089600
474,1198748370
476,1199454974
478,1199809448
480,1199895733
481,1199932518
482,1199983560
483,1200054037
484,1200065467
485,1200334003
489,1200448524
493,1200474089
494,1200475912
495,1200519645
496,1200611378
497,1200643865
498,1200703943
499,1200780148
504,1201276842
505,1201641821
506,1201804875
508,1201898749
509,1202246878
510,1202272482
511,1202274723
512,1202431427
514,1202750735
516,1203022872
518,1203116738
519,1203608588
520,1203623115
521,1203625793
523,1203826465
524,1204050189
525,1204140004
526,1204140485
527,1204221449
528,1204322959
529,1204323091
530,1204507166
531,1204684010
532,1204746884
533,1204804808
534,1205090064
535,1205252217
536,1205378069
537,1205749479
538,1205789367
539,1205958683
540,1205961505
542,1206382447
543,1206383927
547,1206654182
548,1206697757
549,1206987135
550,1207067965
551,1207126767
552,1207159817
554,1207165631
557,1207293221
559,1207337210
560,1207669259
561,1207675289
562,1207690542
565,1207712290
566,1207731242
567,1207822285
568,1207931318
569,1208008663
571,1208251726
572,1208377158
573,1208384414
574,1208393693
576,1208532577
577,1208553327
579,1208806921
580,1208918316
581,1208958885
582,1209159311
583,1209190613
585,1209668399
586,1209679130
587,1209748764
588,1209757947
589,1209881448
590,1209883020
592,1210175165
594,1210268332
595,1210273503
596,1210281665
597,1210302236
599,1210670946
600,1210704206
602,1210758683
603,1210967851
605,1211310511
606,1211333626
607,1211439810
608,1211494983
610,1211578468
611,1211675761
612,1211755134
614,1211936005
617,1212024552
618,1212085373
619,1212435426
621,1212549999
622,1212608821
623,1212615372
624,1212672873
625,1212674416
626,1212688449
627,1212752865
628,1213027489
629,1213030279
630,1213048140
632,1213133372
634,1213151849
635,1213225244
637,1213647906
638,1213898018
640,1214217696
641,1214241153
642,1214325835
644,1214508492
645,1214510467
646,1214584950
647,1214850866
650,1215020444
653,1215440096
654,1215520757
656,1215716793
657,1215732988
659,1216056782
660,1216202998
662,1216321183
663,1216669161
664,1216912571
665,1216921369
668,1217275984
669,1217279465
670,1217365548
671,1217476672
672,1217543232
673,1217889323
674,1217984569
676,1218036588
677,1218039268
678,1218133883
679,1218144750
680,1218157944
682,1218180965
683,1218206597
684,1218224085
685,1218225886
689,1218282296
690,1218282983
692,1218309189
693,1218589721
695,1219167160
696,1219332340
697,1219376878
698,1219419710
699,1219425873
700,1219426814
702,1219678694
705,1219701614
707,1220114309
710,1220390064
711,1220430370
712,1220459534
713,1220528805
714,1220531878
715,1220533623
718,1220650882
719,1221060990
724,1221325686
727,1221648124
728,1221736255
729,1221768724
731,1221845072
732,1222199481
733,1222363795
737,1223053525
739,1223381418
740,1223417736
741,1223478936
743,1223646759
745,1223937380
746,1224006048
747,1224151144
748,1224173919
749,1224208155
750,1224275188
751,1224792100
753,1225123657
755,1225343956
756,1225401342
761,1225821733
762,1225829146
764,1226350642
768,1226453647
771,1226754382
774,1227066032
777,1227228562
785,1227639091
786,1227650455
787,1227669307
788,1227695803
789,1227721331
790,1227723424
791,1227724997
792,1227726940
793,1227726950
794,1227745003
795,1227804090
797,1227922728
798,1227929906
799,1228090007
801,1228155499
810,1228244861
811,1228329899
812,1228357620
813,1228357970
815,1228421954
816,1228506134
818,1228512128
819,1228773501
820,1228863756
821,1228871705
822,1228887508
824,1228968555
825,1229038842
828,1229390795
829,1229472948
830,1229480585
834,1229634621
835,1229641643
836,1229688233
838,1229712691
840,1229719940
842,1229861385
843,1229973361
844,1230050874
845,1230060303
847,1230718709
848,1230868159
852,1231450015
853,1231459717
859,1231946246
860,1232034522
862,1232232745
863,1232388453
864,1232580621
866,1232722431
867,1232725046
868,1232727667
872,1232953962
873,1232996724
874,1233070028
877,1233175160
883,1233323034
884,1233326327
886,1233353910
887,1233500518
888,1233532826
890,1233610276
892,1233680885
894,1233698358
895,1233722441
896,1233765584
898,1233774961
902,1233882025
904,1233884235
911,1233961858
912,1234056798
913,1234162286
914,1234192075
916,1234208782
917,1234277953
919,1234301299
920,1234361916
921,1234709218
922,1234802338
925,1234939383
927,1234973925
928,1234974719
932,1235159411
933,1235204676
934,1235209122
935,1235217579
940,1235548687
941,1235552462
944,1235674683
947,1235946934
951,1236099704
953,1236158197
954,1236197652
955,1236271120
965,1236380665
970,1236702735
971,1236706350
973,1236727919
974,1236800498
981,1237235086
982,1237308689
984,1237396722
992,1237499404
993,1237555387
997,1237930595
999,1238002582
1001,1238356981
1002,1238401500
1003,1238418839
1004,1238429193
1006,1238433925
1012,1238517263
1017,1238653129
1018,1238682939
1019,1238779032
1020,1238779103
1025,1239088417
1028,1239140941
1029,1239216448
1030,1239275441
1031,1239304733
1036,1239717004
1039,1239784410
1041,1239837725
1042,1240164461
1043,1240328345
1044,1240414508
1046,1240443571
1047,1240443838
1048,1240444356
1049,1240444670
1051,1240935197
1053,1240980960
1054,1241023272
1057,1241134500
1058,1241188481
1059,1241459981
1060,1241464721
1061,1241547991
1065,1241564037
1067,1241625521
1070,1241692126
1072,1241714892
1074,1241795814
1081,1242147373
1087,1242372893
1088,1242397544
1091,1242408748
1095,1242740525
1097,1242913528
1099,1242931321
1100,1242997936
1109,1243545487
1110,1243863834
1116,1244036336
1117,1244054749
1119,1244145799
1120,1244193461
1121,1244200660
1125,1244219384
1127,1244278495
1129,1244486509
1132,1244656658
1133,1244685765
1135,1244747627
1137,1244967592
1139,1245260509
1140,1245358341
1141,1245425719
1142,1245696706
1145,1245957176
1154,1246477271
1155,1246549291
1156,1246553613
1158,1246652222
1159,1246679594
1160,1246895454
1161,1246994498
1163,1247067116
1165,1247079787
1166,1247080931
1168,1247090413
1169,1247096085
1170,1247148115
1174,1247245369
1184,1248105345
1185,1248108458
1186,1248117734
1188,1248184223
1189,1248198955
1192,1248232770
1193,1248278485
1197,1248709121
1199,1248796375
1200,1248803150
1201,1248805049
1203,1248831813
1204,1248846052
1205,1248887040
1206,1248887427
1211,1248964503
1212,1248978435
1216,1249045627
1217,1249048328
1218,1249076690
1219,1249294505
1221,1249330440
1224,1249351073
1226,1249431168
1227,1249489613
1230,1249579707
1232,1249673676
1234,1249850297
1239,1250020409
1242,1250113299
1243,1250168738
1244,1250174528
1248,1250334245
1250,1250527487
1253,1250695085
1255,1250708166
1256,1250715895
1259,1250860782
1260,1251030328
1263,1251174788
1269,1251433527
1279,1251834450
1280,1251844577
1281,1251855859
1283,1251926086
1284,1251926397
1286,1252014598
1289,1252525795
1291,1252610791
1293,1252695480
1294,1252706391
1295,1252710643
1299,1252949882
1302,1253040533
1303,1253114149
1305,1253204589
1307,1253281378
1308,1253283823
1321,1253558585
1322,1253668979
1324,1253714389
1325,1253715546
1326,1253720552
1328,1253903902
1333,1254413192
1335,1254500395
1338,1254845454
1339,1254846957
1340,1255015631
1341,1255038902
1343,1255260372
1344,1255308677
1349,1255490593
1350,1255535890
1351,1255563039
1352,1255589433
1354,1255976976
1355,1256051608
1359,1256303046
1360,1256313185
1361,1256320413
1362,1256589182
1365,1256844177
1367,1256907606
1369,1256916883
1370,1256935225
1371,1256943107
1372,1257024380
1375,1257371774
1376,1257378557
1377,1257547437
1379,1257799632
1380,1257900882
1381,1257954827
1383,1258038152
1384,1258051425
1385,1258065325
1386,1258091182
1387,1258123835
1388,1258395242
1389,1258452393
1390,1258481250
1391,1258490632
1392,1258503492
1393,1258503579
1394,1258558681
1395,1258587698
1396,1258610331
1397,1258638223
1398,1258972450
1399,1258974532
1400,1259014750
1401,1259189741
1406,1259682388
1407,1259688854
1409,1259703355
1410,1259777624
1413,1259882073
1416,1260221903
1417,1260223357
1418,1260223422
1419,1260286541
1420,1260290530
1421,1260297941
1422,1260325190
1423,1260461246
1424,1260470010
1425,1260491807
1427,1260626461
1428,1260727323
1429,1260744591
1431,1260902695
1432,1260937614
1433,1260951954
1434,1260952916
1435,1260982531
1436,1261153861
1438,1261182503
1439,1261329038
1441,1261427911
1442,1261537955
1444,1261555002
1445,1261567265
1449,1261597335
1452,1262458390
1454,1262799160
1455,1262883473
1457,1263409231
1458,1263410471
1460,1263511782
1461,1263523830
1463,1263577100
1464,1263582648
1467,1263842800
1472,1264021067
1473,1264030655
1474,1264031663
1477,1264102612
1478,1264163729
1480,1264187137
1481,1264528592
1482,1264529055
1483,1264530966
1484,1264535978
1485,1264608885
1486,1264697712
1490,1265034749
1491,1265044535
1494,1265177835
1495,1265298646
1496,1265349656
1497,1265359606
1499,1265401699
1500,1265667026
1501,1265668845
1503,1265741012
1504,1265823426
1506,1265905050
1507,1265944855
1508,1266005816
1509,1266019674
1510,1266068635
1511,1266250782
1513,1266304787
1514,1266327584
1515,1266343217
1518,1266446266
1519,1266504571
1521,1266505727
1523,1266553297
1524,1266598212
1527,1266916431
1533,1266994199
1534,1267042592
1535,1267047266
1536,1267052152
1537,1267113115
1538,1267117686
1540,1267119310
1542,1267133107
1543,1267135864
1544,1267460157
1546,1267536935
1547,1267550886
1550,1267759968
1553,1267992917
1554,1268063989
1556,1268158813
1558,1268166769
1559,1268176532
1562,1268329976
1565,1268347901
1568,1268419483
1569,1268454643
1570,1268489541
1571,1268641042
1572,1268647823
1573,1268663247
1574,1268680294
1575,1268683646
1576,1268733099
1577,1268733247
1578,1268749740
1580,1268843718
1581,1268922588
1582,1268924109
1583,1268931314
1584,1268935032
1588,1269125188
1589,1269208370
1590,1269261528
1596,1269369587
1597,1269443081
1599,1269486784
1601,1269775764
1602,1269885885
1604,1269981872
1605,1270050706
1607,1270119421
1608,1270142778
1609,1270160506
1611,1270312820
1613,1270596513
1615,1270668078
1618,1270744886
1625,1270912103
1626,1271041756
1627,1271067673
1629,1271083133
1630,1271187221
1631,1271188090
1633,1271448173
1634,1271690656
1636,1271862685
1640,1272213372
1641,1272385237
1642,1272475549
1644,1272624498
1645,1272794003
1646,1272901587
1648,1273007940
1650,1273008752
1651,1273074395
1655,1273346505
1656,1273493774
1657,1273506345
1659,1273525533
1662,1273607226
1665,1273680504
1667,1274010966
1668,1274119724
1670,1274284133
1671,1274296770
1672,1274305188
1674,1274724321
1675,1275076886
1676,1275320669
1677,1275494614
1678,1275496527
1679,1275506564
1680,1275526948
1682,1275667708
1683,1275757395
1684,1275812205
1685,1275924137
1686,1275961767
1687,1276018519
1688,1276078980
1689,1276090649
1690,1276093840
1691,1276191093
1692,1276207186
1695,1276292605
1696,1276309668
1697,1276355885
1698,1276360737
1701,1276634696
1702,1276823900
1704,1277133963
1706,1277312304
1709,1277496007
1710,1277750212
1711,1277852200
1713,1277911746
1714,1277931325
1715,1277979751
1716,1278036271
1718,1278514877
1719,1278515017
1720,1278523722
1721,1278637194
1722,1278957750
1725,1279099475
1726,1279147588
1727,1279302514
1728,1279309380
1736,1279709759
1737,1279714643
1738,1279738334
1740,1279747300
1741,1279749229
1742,1279753035
1743,1279761063
1746,1279915567
1748,1280317473
1749,1280326718
1750,1280394052
1751,1280417112
1752,1280464425
1753,1280507276
1755,1280699588
1756,1280699993
1757,1280772945
1760,1280952843
1762,1281382951
1765,1281637400
1766,1281694337
1767,1281727497
1768,1281728919
1769,1282166562
1770,1282228293
1774,1282832786
1779,1283294255
1780,1283451620
1781,1283503133
1783,1283632892
1784,1283952689
1785,1283954809
1787,1284135831
1788,1284139397
1789,1284151228
1790,1284366621
1793,1284444977
1794,1284541655
1796,1284551199
1797,1284555306
1799,1284631611
1800,1284665763
1801,1284671516
1802,1284693484
1804,1284839649
1805,1284976635
1806,1284982775
1808,1285062973
1809,1285085824
1810,1285087307
1811,1285185260
1812,1285240293
1813,1285268267
1814,1285352108
1816,1285598555
1818,1285756777
1819,1285840644
1820,1285874139
1822,1286131748
1823,1286235922
1824,1286300041
1827,1286472541
1828,1286475992
1829,1286780535
1830,1286820346
1831,1286910794
1832,1287069138
1835,1287154777
1837,1287181070
1838,1287255129
1839,1287277279
1840,1287414233
1843,1287479997
1845,1287570468
1846,1287572185
1853,1287916040
1854,1288048972
1856,1288121558
1857,1288196253
1866,1288641877
1867,1288705527
1869,1288730473
1870,1288800099
1873,1288900634
1874,1288967422
1876,1289152600
1877,1289236748
1878,1289248235
1879,1289250930
1880,1289254164
1881,1289398358
1882,1289409805
1883,1289582339
1884,1289587716
1886,1289838246
1887,1289925265
1890,1290027445
1891,1290101420
1892,1290157787
1893,1290443630
1894,1290449981
1896,1290529963
1897,1290533389
1898,1291048652
1899,1291050773
1900,1291108813
1901,1291134570
1902,1291143805
1903,1291662334
1904,1291846838
1905,1292017062
1906,1292279320
1907,1292365734
1908,1292572330
1909,1293799858
1910,1293987088
1911,1294080677
1912,1294084089
1913,1294087765
1914,1294135517
1915,1294153656
1916,1294155461
1918,1294323084
1919,1294410035
1921,1294647591
1923,1295041952
1926,1295286545
1928,1295567032
1929,1295951040
1930,1295997928
1932,1296383937
1933,1296495426
1935,1296619987
1938,1297307202
1939,1297722603
1940,1297885351
1941,1297938512
1943,1297976460
1944,1298039828
1946,1298053876
1947,1298294529
1948,1298300054
1949,1298364257
1950,1298380607
1951,1298551116
1952,1298646812
1953,1298916880
1954,1299082968
1955,1299147655
1957,1299629497
1958,1299946276
1959,1299956641
1960,1300231143
1961,1300273390
1962,1300408911
1964,1300822420
1965,1301064385
1966,1301088187
1967,1301277156
1968,1301415837
1969,1301506759
1970,1301587195
1974,1301912401
1975,1302209871
1976,1302369744
1977,1302555905
1978,1302608257
1979,1302640419
1980,1302774475
1981,1302791464
1982,1303086842
1983,1303242686
1984,1303679518
1985,1303821748
1986,1303922693
1987,1303998250
1988,1304005578
1989,1304006127
1992,1304502059
1993,1304539950
1994,1304618455
1995,1304995236
1996,1305056254
1997,1305181520
1998,1305277346
2000,1305373249
2003,1306252089
2004,1306257468
2005,1306261458
2006,1306335599
2007,1306353111
2008,1307387630
2009,1307547068
2010,1307563810
2011,1307570803
2012,1307576968
2013,1307602356
2015,1307649861
2016,1307985495
2018,1308157734
2019,1308577385
2021,1308815744
2022,1309028120
2024,1309322655
2025,1309450180
2027,1309975404
2028,1310525307
2032,1311023193
2033,1311253426
2034,1311316435
2036,1311801726
2037,1311858763
2038,1312996227
2039,1313013833
2040,1313582206
2041,1313746612
2044,1314271852
2045,1314885796
2046,1315253522
2048,1315411018
2051,1316121178
2052,1316202820
2053,1317308318
2054,1317399957
2055,1317407166
2056,1317724899
2058,1318412288
2059,1318541420
2060,1318542840
2061,1318586320
2062,1319289942
2063,1319479496
2064,1319553720
2065,1319565695
2066,1319589597
2067,1319834742
2069,1320442384
2070,1320680177
2071,1320793573
2072,1320826335
2073,1320996896
2074,1321069148
2076,1321541156
2077,1321904277
2079,1321980134
2083,1322594778
2086,1322955344
2088,1323259258
2094,1323811487
2095,1324074166
2096,1324300360
2097,1324397279
2098,1324487120
2100,1324981915
2101,1324998317
2102,1325048237
2103,1325174377
2104,1325713173
2105,1325775341
2106,1326279758
2107,1326304439
2110,1326830675
2112,1326882523
2113,1326885106
2114,1326886360
2117,1327601962
2118,1327961655
2119,1328188258
2122,1328662053
2123,1328729263
2124,1328817647
2125,1328878267
2126,1328882129
2127,1329121040
2129,1329209570
2131,1329251033
2132,1329252509
2133,1329322564
2136,1329855505
2138,1329903459
2139,1329913946
2140,1329950668
2141,1330089829
2142,1330098264
2144,1330344712
2145,1330370534
2146,1330381072
2147,1330403605
2148,1330608379
2149,1330933818
2150,1330989893
2153,1331330275
2154,1331528438
2156,1331916069
2157,1332248410
2158,1332356324
2160,1332440336
2161,1332687011
2163,1332881815
2166,1333052221
2170,1334086151
2172,1334341970
2174,1334695217
2175,1334938699
2176,1335275674
2177,1335381268
2178,1335444039
2179,1335459654
2180,1335526504
2181,1335531590
2182,1335541574
2183,1336137893
2184,1336317844
2185,1336318217
2186,1336318673
2187,1336568227
2188,1336569119
2191,1336816153
2193,1336834697
2194,1336863527
2195,1337115176
2196,1337143282
2197,1337206222
2198,1337267846
2199,1337271796
2201,1337603867
2202,1337955996
2203,1338449383
2204,1338472058
2206,1338574884
2207,1338828733
2211,1339570477
2212,1339604653
2213,1339860811
2214,1340038995
2215,1340097809
2218,1340114048
2221,1340894858
2222,1340900369
2223,1341472117
2225,1341821678
2226,1341827440
2227,1341861845
2228,1341946134
2229,1342102765
2230,1342207316
2233,1342539590
2234,1342692369
2235,1342713322
2236,1342735400
2237,1342905348
2238,1343054477
2239,1343118767
2240,1343212373
2241,1343282768
2242,1343329106
2243,1343383360
2244,1343857398
2245,1343911290
2246,1344003130
2247,1344007798
2250,1344517555
2251,1345110145
2252,1345223290
2253,1345457324
2254,1345466872
2255,1346375752
2256,1346608053
2257,1346668121
2258,1346906699
2260,1347292258
2261,1347295851
2262,1347913639
2263,1348095131
2265,1348237321
2267,1348626542
2268,1348685917
2269,1348771741
2270,1348776342
2271,1349167715
2273,1349360842
2279,1350325080
2280,1350410105
2281,1350487499
2282,1350932826
2284,1351192039
2285,1351192193
2286,1351248654
2287,1351508609
2288,1351522493
2289,1351708855
2290,1352006824
2291,1352052777
2296,1352452959
2297,1352457404
2298,1353086312
2299,1353502589
2300,1353920648
2301,1354722692
2303,1355149211
2304,1355249640
2305,1355250021
2306,1355257778
2307,1355258113
2308,1355258752
2310,1355384853
2311,1355486233
2312,1355829390
2314,1356805036
2315,1356805275
2316,1357276426
2317,1357334896
2318,1357347014
2319,1357424483
2320,1357612708
2321,1357852448
2322,1358425484
2325,1358863150
2326,1358897476
2327,1358952424
2328,1359621890
2329,1360168846
2330,1360235003
2331,1360596394
2333,1360603124
2334,1360796534
2335,1361305676
2336,1361312961
2337,1361390219
2338,1361394485
2339,1361742479
2340,1361959352
2341,1361982254
2343,1362149772
2345,1362416717
2349,1362823170
2350,1363102070
2351,1363380001
2352,1363398319
2355,1363819842
2357,1363973502
2358,1364248506
2360,1364475511
2361,1364570693
2362,1364598926
2363,1364912755
2364,1364920531
2365,1364943597
2367,1365558468
2369,1366056159
2370,1366125039
2372,1366277603
2373,1366330001
2374,1366729234
2376,1366821635
2377,1366884948
2378,1367772316
2381,1368630821
2382,1368728731
2383,1368765615
2384,1369244390
2385,1369301433
2387,1369413429
2390,1369831207
2391,1370013409
2393,1370552083
2394,1370651422
2395,1370937083
2396,1370980346
2397,1371054870
2398,1371206475
2399,1371218657
2400,1371223755
2401,1371247173
2402,1371441102
2403,1371678692
2404,1372054694
2405,1372153099
2406,1372862664
2407,1373018239
2408,1373292505
2409,1373530296
2412,1374530194
2413,1374689167
2414,1374689408
2417,1375174759
2418,1375828428
2419,1375831328
2420,1375891043
2421,1376477163
2422,1376929826
2423,1377539789
2424,1377962477
2425,1378235949
2429,1379918362
2431,1380184118
2432,1380283521
2433,1381168639
2434,1381244363
2435,1381280528
2436,1381415447
2437,1381507794
2438,1381866722
2440,1381931588
2441,1382371733
2442,1382381975
2443,1382477327
2444,1382650253
2445,1383032267
2446,1383032302
2447,1383033099
2448,1383059817
2451,1384243540
2452,1384435043
2454,1384709298
2455,1384771046
2456,1384803140
2457,1385074553
2458,1385134739
2460,1385583475
2461,1385994924
2463,1386172426
2464,1386252878
2467,1387576366
2468,1388993536
2469,1389743124
2470,1389748223
2471,1389751198
2472,1390000979
2473,1390230826
2475,1391106611
2476,1391795922
2477,1391811875
2478,1392229015
2479,1394082656
2480,1394194784
2482,1394570477
2483,1394626418
2484,1395647566
2485,1395828487
2486,1396039648
2488,1397220204
2493,1397249637
2494,1397493762
2495,1398260325
2496,1399144017
2497,1399361688
2498,1399366549
2499,1399479931
2500,1399574220
2501,1399628481
2502,1399656308
2503,1400210725
2504,1400241055
2505,1400255717
2506,1400867786
2507,1401224224
2508,1401372428
2509,1401382056
2510,1401695961
2512,1401824506
2513,1401981896
2514,1402584375
2515,1404842866
2516,1405273382
2517,1405414203
2519,1406206504
2520,1406556118
2522,1406857687
2523,1407543515
2524,1408040748
2525,1408751939
2526,1409394589
2527,1409594296
2528,1410508959
2530,1411392878
2531,1411734845
2532,1412123145
2533,1412641688
2534,1412697018
2535,1412804771
2536,1413244843
2537,1413736655
2538,1414068117
2539,1414118341
2540,1414148763
2541,1415409160
2542,1415717475
2546,1416820926
2547,1416934705
2548,1417059278
2549,1417470418
2551,1418226527
2552,1419429528
2553,1419807287
2555,1420556330
2557,1420855331
2559,1421156681
2560,1421165996
2561,1421175077
2562,1421311577
2563,1421406764
2564,1421853410
2565,1422192463
2566,1422387287
2567,1422891348
2568,1422895467
2569,1424160905
2571,1424907749
2572,1425671450
2573,1426515318
2576,1428386980
2578,1429797117
2579,1430298815
2580,1430316909
2582,1430816430
2583,1430837915
2584,1431105888
2585,1431339904
2586,1431648250
2587,1431795731
2588,1432075355
2590,1432591542
2591,1432660449
2593,1433247107
2594,1433250475
2596,1433601937
2597,1435550997
2600,1435606142
2601,1437416443
2603,1438806744
2605,1439318184
2606,1439387522
2609,1444082219
2610,1444748136
2611,1446728305
2612,1446817150
2614,1447769507
2615,1447774289
2616,1448292661
2617,1448626254
2618,1448636759
2619,1449758625
2620,1450110701
2624,1452601642
2625,1454043096
2626,1454063764
2628,1454452624
2629,1454556684
2630,1454590388
2631,1455233337
2632,1457098924
2633,1458025530
2635,1458486274
2636,1459397403
2637,1459734679
2638,1459870651
2639,1460038093
2640,1460467309
2642,1463400934
2643,1463559900
2644,1464864675
2645,1466188605
2646,1466529603
2647,1467157351
2648,1467364798
2649,1468318610
2650,1468553017
2651,1470690788
2656,1471517582
2658,1471784803
2668,1474625855
2670,1475686174
2671,1476114093
2672,1476117759
2673,1476277811
2674,1476791295
2675,1476949758
2676,1476950147
2678,1478781394
2679,1479306536
2680,1479717876
2683,1480413116
2684,1481811907
2686,1487263088
2687,1487814985
2688,1487925455
2689,1488190030
2690,1489082549
2691,1489088976
2692,1490551582
2693,1491384428
2694,1492093398
2696,1492404489
2697,1492588384
2698,1493678462
2699,1494967123
2700,1495226209
2701,1495233697
2702,1497342504
2703,1499238599
2704,1499433603
2705,1500046866
2706,1500476203
2707,1500647891
2708,1501063367
2716,1503411788
2717,1505993808
2718,1506578608
2719,1506636036
2720,1508338649
2721,1508444110
2723,1510297916
2725,1514987105
2726,1515782964
2727,1516796214
2728,1517692503
2729,1520328591
2731,1522182325
2732,1522588408
2733,1523234095
2734,1523288247
2735,1524661497
2736,1524668981
2738,1526759618
2741,1528770565
2742,1530250602
2743,1531408787
2746,1534397026
2749,1535977718
2756,1541879216
2757,1541880920
2759,1543338735
2761,1544201190
2763,1546228736
2764,1546419474
2767,1546878945
2768,1547119702
2769,1548116778
2770,1548199815
2771,1549099313
2772,1549109754
2776,1550779691
2777,1551436848
2778,1552314788
2779,1552749546
2780,1553088389
2781,1553197011
2782,1553825725
2783,1553826335
2785,1554884598
2786,1555272733
2788,1555573566
