1343
1376
1650
1651
1657
1686
1725
1746
1768
1787
1845
1856
1873
1876
1896
1898
1900
1901
1902
1903
1904
1905
1906
1909
1910
1911
1912
1915
1918
1923
1928
1932
1935
1938
1939
1940
1941
1943
1944
1951
1953
1954
1957
1958
1959
1960
1965
1968
1969
1974
1975
1980
1981
1983
1984
1985
1986
1987
1989
1992
1993
1994
1996
1998
2000
2005
2006
2007
2008
2010
2011
2013
2025
2027
2034
2036
2039
2044
2045
2051
2053
2055
2056
2059
2060
2065
2066
2069
2070
2071
2073
2076
2077
2083
2094
2100
2101
2104
2105
2107
2113
2114
2117
2119
2122
2124
2263
2310
478
867