656,1233797625
728,1237507969
729,1237846172
736,1238026589
738,1238231553
739,1238445425
740,1238463523
748,1238705210
749,1238712008
751,1238720647
755,1239063148
773,1240335620
789,1240968504
798,1241236973
804,1241739642
806,1242133058
808,1242237008
810,1242323222
811,1242683332
814,1242947508
816,1243043168
819,1243375351
828,1243896155
829,1243906296
831,1243974051
835,1244160502
838,1244239221
846,1244840016
851,1245114908
852,1245126241
854,1245187296
859,1245688694
861,1245743171
876,1247085949
878,1247238388
879,1247247505
880,1247248317
881,1247251076
882,1247256599
883,1247354240
888,1247708083
905,1249399833
910,1249500575
917,1250118698
919,1250124321
923,1250275927
925,1250297077
936,1251398904
939,1251753325
943,1252012795
957,1252715093
971,1253595318
995,1254768796
1217,1265215205
1448,1276362114
2951,1349638160
2952,1349640854
3655,1389143281
