1065
1092
1112
1152
1188
1222
1247
1277
1297
1305
1341
144
1462
1491
1545
1576
1581
1584
1597
1608
1619
1620
1621
1622
1627
1632
1654
1697
1710
1711
1712
1728
1733
1736
1742
1745
1760
1774
1779
1783
1788
1801
1802
1814
1817
1819
1821
1826
1827
1834
1835
1837
1839
1852
1856
1858
1864
1865
1866
1868
1870
1871
1872
1873
1885
1886
1887
1888
1890
1893
1894
1897
1910
1917
1918
1920
1921
1922
1923
1925
1927
1928
1929
1931
1932
1933
1934
1939
1941
1944
1955
1956
1957
1958
1960
1961
1962
1968
1969
1974
1975
1976
1978
1985
1986
1987
1988
1989
1990
1992
1995
1996
1999
2000
2002
2003
2004
2005
2006
2007
2008
2012
2014
2015
2016
2017
2018
2021
2028
2029
2030
2033
2035
2038
2039
2040
2041
2042
2043
2049
2052
2056
2058
2059
2062
2063
2067
2068
2069
2070
2071
2072
2073
2075
2076
2078
2081
2083
2084
2088
2089
2106
2129
2135
2137
2139
2140
2144
2146
2158
2159
2303
2429
313
333
435
453
490
496
534
536
596
618
621
631
666
667
670
671
674
694
696
719
723
730
749
767
768
815
828
859
904
969
998