2647
2949
3413
4012
4242
4247
4265
4326
4327
4329
4330
4331
4338
4339
4340
4345
4351
4355
4361
4371
4376
4377
4381
4384
4387
4392
4394
4397
4402
4403
4404
4409
4410
4414
4418
4426
4431
4432
4433
4437
4440
4443
4444
4445
4447
4448
4452
4457
4460
4461
4463
4465
4474
4475
4476
4478
4479
4480
4481
4484
4487
4488
4490
4491
4493
4494
4496
4497
4498
4499
4502
4503
4505
4506
4508
4509
4513
4514
4519
4523
4524
4527
4528
4529
4530
4531
4532
4537
4538
4541
4543
4545
4556
4559
4562
4564
4569
4571
4580
4592
4602