2316
2861
2862
2864
2865
2746
2697
2690
2870
2875
2874
2964
2845
2841
2806
2999
3038
3039
2992
2997
2994
2725
2722
1807
2859
2853
2852
2856
1703
2988
3027
2982
3025
2944
2792
3012
2796
3017
2880
2887
2744
2415
3007
3006
3001
3002
1580
2896
2890
2893
2775
2777
2950
2952
2953
2767
2949
2948
2577
2757
2758
2978
2981
2581
2638
2743
2742
2747
2967
2961
1782
2359
2355
2914
2915
2829
2824
2349
2901
2906
2905
2904
2909
2908
2338
3072
2959
2951
2249
2798
2797
2795
2662
1748
2939
2936
2934
2931
2808
2325
2785
2786
2788
2923
2924
2815
2816
2819
2818