1,1286988966.0
2,1287262074.0
4,1287738254.0
6,1288779241.0
7,1288782750.0
8,1288950960.0
10,1289558589.0
12,1291208201.0
13,1292048855.0
14,1292356053.0
15,1292532630.0
16,1292864894.0
17,1292889270.0
18,1294076374.0
20,1294751924.0
21,1296217909.0
22,1296466844.0
23,1296492814.0
24,1296578538.0
25,1296651497.0
26,1296727716.0
27,1296733033.0
28,1296738206.0
31,1296834242.0
33,1297707222.0
36,1297707699.0
37,1297707851.0
43,1297709230.0
46,1297762285.0
48,1297788679.0
49,1297789338.0
50,1297789532.0
51,1297789619.0
55,1298022045.0
57,1298041043.0
58,1298042587.0
59,1298053181.0
61,1298286481.0
64,1298287024.0
65,1298287372.0
66,1298288100.0
69,1298288770.0
70,1298295890.0
71,1298301849.0
72,1298302038.0
73,1298304006.0
74,1298390297.0
75,1298563273.0
77,1298580521.0
78,1298582225.0
80,1298585576.0
82,1298586127.0
83,1298632331.0
85,1299082059.0
86,1299167879.0
88,1299511063.0
89,1299511413.0
90,1300287196.0
91,1300310023.0
92,1300480407.0
93,1300726759.0
94,1300917886.0
95,1300918408.0
96,1300919800.0
97,1300920034.0
98,1300920412.0
99,1300920583.0
100,1300972325.0
101,1301046544.0
102,1301553009.0
103,1301592860.0
105,1301687871.0
106,1301840969.0
107,1301871856.0
108,1301998788.0
109,1302012361.0
110,1302021574.0
111,1302123050.0
112,1302179381.0
113,1302207042.0
114,1302280846.0
115,1302729934.0
117,1302800963.0
118,1302801387.0
119,1302877118.0
121,1303142663.0
122,1303144796.0
125,1303315432.0
126,1303319295.0
127,1303322580.0
130,1303336421.0
132,1303364119.0
134,1303364995.0
135,1303366866.0
136,1303368358.0
137,1303370990.0
140,1303418989.0
142,1303916680.0
143,1303917845.0
144,1303919269.0
145,1303996319.0
146,1304000775.0
147,1304351812.0
148,1304957937.0
149,1305020729.0
150,1305029687.0
151,1305562511.0
153,1305627069.0
154,1305628856.0
155,1305628993.0
156,1305629225.0
157,1305752802.0
159,1305818924.0
160,1305821892.0
161,1305825514.0
163,1305895907.0
164,1306145262.0
166,1306249731.0
167,1306316955.0
169,1306507343.0
170,1306756667.0
171,1306756911.0
172,1306760679.0
173,1306761759.0
2857,1306765266.0
174,1306765266.0
177,1306767708.0
180,1306852524.0
181,1306852863.0
184,1307103459.0
187,1307432656.0
188,1307433091.0
189,1307435152.0
190,1307442993.0
191,1307516434.0
192,1307518810.0
193,1307536820.0
196,1307701772.0
198,1308058318.0
199,1308127475.0
2844,1308129196.0
200,1308129196.0
201,1308132109.0
202,1308151794.0
203,1308292741.0
204,1308353296.0
205,1308435823.0
207,1308647822.0
208,1308651262.0
209,1308651885.0
210,1308662102.0
211,1308688881.0
212,1308750269.0
213,1308818116.0
214,1308846358.0
215,1308905184.0
216,1309180319.0
217,1309186163.0
218,1309249777.0
219,1309258054.0
220,1309279505.0
223,1309808120.0
224,1309881512.0
226,1310028437.0
227,1310030096.0
230,1310539539.0
231,1310542409.0
236,1311004001.0
237,1311070732.0
239,1311251261.0
241,1311276308.0
242,1311345597.0
243,1311345746.0
247,1311847755.0
249,1311929247.0
252,1312474495.0
253,1312529404.0
254,1312542711.0
255,1312832938.0
256,1312899218.0
257,1312923829.0
263,1313512139.0
266,1313757084.0
268,1314609516.0
270,1314890128.0
271,1315158542.0
273,1315301944.0
274,1315572937.0
275,1315573287.0
276,1315830116.0
277,1315888280.0
278,1315934503.0
279,1315941045.0
280,1315991775.0
281,1315991895.0
282,1316015718.0
284,1316097517.0
285,1316100760.0
288,1316436804.0
289,1316529938.0
290,1316614639.0
291,1316619159.0
292,1316686354.0
293,1316688917.0
294,1316694809.0
298,1316779480.0
299,1316780853.0
300,1316795461.0
301,1316880163.0
304,1317312172.0
306,1317895253.0
307,1317919260.0
310,1318323623.0
311,1318427496.0
312,1318429867.0
313,1318434178.0
314,1318438896.0
315,1318439779.0
316,1318484204.0
318,1318501606.0
320,1318777073.0
322,1318869951.0
323,1318956164.0
327,1319038548.0
329,1319196572.0
330,1319198219.0
332,1319398402.0
333,1319400069.0
334,1319401064.0
337,1319473092.0
338,1319558722.0
339,1319558758.0
340,1319807547.0
341,1320094709.0
342,1320185465.0
344,1320252644.0
347,1320855019.0
349,1320873940.0
350,1320946396.0
351,1320954015.0
356,1321467769.0
359,1321518846.0
361,1321551545.0
362,1321626016.0
363,1321634141.0
364,1321642299.0
365,1322045432.0
377,1323335169.0
378,1323341922.0
379,1323341947.0
380,1323453244.0
384,1323707244.0
385,1323734602.0
387,1323784304.0
389,1323873677.0
390,1324399873.0
392,1325092451.0
394,1325609800.0
396,1325784017.0
397,1326129390.0
398,1326130859.0
399,1326228402.0
400,1326298450.0
401,1326309704.0
404,1326478865.0
405,1326702757.0
410,1326969776.0
412,1327070928.0
413,1327427335.0
414,1327681519.0
415,1327940811.0
417,1328096313.0
420,1328290121.0
422,1328614237.0
423,1328732831.0
424,1328788107.0
425,1328788286.0
426,1328788510.0
427,1330336045.0
430,1330612765.0
431,1330642882.0
432,1330781645.0
433,1330896089.0
434,1330944335.0
436,1330977065.0
437,1331016791.0
439,1331069036.0
440,1331136770.0
442,1331283375.0
2838,1331283375.0
443,1331295829.0
447,1331556890.0
449,1331636150.0
450,1331647398.0
451,1331648311.0
452,1331661952.0
453,1331743029.0
454,1331818044.0
456,1331921476.0
457,1332240372.0
458,1332349306.0
459,1332779227.0
460,1332864019.0
462,1333444264.0
463,1333464373.0
464,1333549581.0
465,1333634890.0
467,1334173473.0
468,1334420079.0
470,1334570258.0
471,1334572676.0
472,1334657172.0
475,1335444355.0
476,1335445889.0
477,1336040117.0
478,1336045237.0
479,1336045606.0
480,1336051278.0
481,1336064341.0
483,1336381445.0
484,1336385917.0
486,1336393372.0
487,1336409329.0
488,1336556735.0
489,1336573203.0
490,1336573402.0
493,1336686022.0
494,1336689018.0
499,1337161832.0
500,1337161918.0
501,1337170392.0
502,1337358865.0
503,1337595973.0
504,1337706141.0
505,1337714309.0
506,1338199757.0
507,1338219852.0
512,1338560189.0
2850,1338825137.0
514,1338825137.0
517,1339067108.0
518,1339168591.0
519,1339495503.0
520,1339507800.0
524,1339800196.0
525,1340101042.0
526,1340352448.0
527,1340396752.0
528,1340714836.0
529,1340718720.0
532,1341515361.0
534,1342045073.0
535,1342096604.0
536,1342459719.0
537,1342627322.0
538,1342656675.0
541,1342744476.0
542,1342745446.0
548,1342818455.0
549,1343055128.0
550,1343146736.0
552,1343171600.0
553,1343390553.0
554,1343396716.0
555,1343654641.0
556,1343753633.0
557,1343854437.0
558,1343998826.0
559,1344272141.0
560,1344358456.0
561,1344358597.0
563,1344386201.0
564,1344608293.0
565,1344618619.0
568,1345130194.0
571,1345729184.0
573,1345751521.0
577,1346264621.0
578,1346322903.0
580,1346380210.0
581,1346421551.0
582,1346438534.0
584,1346701242.0
586,1346844556.0
587,1346856529.0
588,1346949712.0
589,1346950117.0
590,1346952156.0
591,1347479391.0
593,1347679219.0
594,1347901973.0
597,1348111159.0
601,1348574595.0
602,1348704796.0
603,1348799509.0
604,1349098688.0
605,1349110915.0
607,1349289689.0
2842,1349289689.0
608,1349458990.0
609,1349716802.0
610,1349720790.0
612,1349880168.0
614,1349885797.0
615,1349967130.0
618,1350063853.0
621,1350570213.0
622,1350667028.0
623,1350670903.0
625,1351124920.0
626,1351184202.0
627,1351199965.0
628,1351215842.0
629,1351216923.0
630,1351518817.0
631,1351777501.0
632,1351798211.0
633,1351855199.0
636,1351978381.0
637,1352135624.0
640,1352953176.0
647,1353342830.0
648,1353343566.0
649,1353346654.0
651,1353418721.0
652,1353441511.0
653,1353682123.0
654,1353689808.0
659,1354811489.0
660,1354847581.0
661,1355497931.0
664,1355577050.0
668,1356046411.0
669,1357223458.0
672,1357934514.0
673,1357935739.0
674,1357936649.0
2852,1357936649.0
678,1358348172.0
679,1358404687.0
680,1358448077.0
729,1359578330.0
730,1359588574.0
731,1359597263.0
732,1359646708.0
734,1359670055.0
735,1359670326.0
737,1359735439.0
745,1360174635.0
746,1360245810.0
749,1360257893.0
750,1360272575.0
753,1360593275.0
760,1360643980.0
761,1360772718.0
763,1360961532.0
764,1361284168.0
765,1361291289.0
768,1361384970.0
769,1361478962.0
771,1361545103.0
773,1361625693.0
776,1361904148.0
797,1362181785.0
798,1362429081.0
799,1362429721.0
801,1362484257.0
802,1362596626.0
803,1362598371.0
810,1362774900.0
812,1363024788.0
813,1363093778.0
816,1363609610.0
817,1363696436.0
818,1363706676.0
819,1363716821.0
820,1363724900.0
833,1364247545.0
834,1364303752.0
837,1364313581.0
842,1365012957.0
844,1365095402.0
845,1365100318.0
846,1365134648.0
853,1365439058.0
859,1365533592.0
2853,1365639145.0
860,1365639145.0
861,1365639833.0
862,1365697435.0
866,1366035046.0
867,1366049681.0
868,1366131426.0
870,1366289988.0
873,1366335089.0
874,1366385323.0
875,1366391894.0
877,1366408517.0
882,1366806000.0
884,1366846591.0
885,1366982138.0
886,1366982771.0
887,1366995991.0
888,1366996407.0
889,1367256376.0
891,1367514470.0
892,1367522134.0
895,1367861721.0
899,1368382434.0
900,1368447142.0
901,1368450125.0
904,1368474938.0
906,1368550167.0
907,1368552559.0
908,1368717946.0
909,1368728618.0
913,1369143453.0
914,1369152425.0
917,1369158008.0
918,1369158050.0
919,1369158124.0
922,1369167384.0
923,1369170405.0
925,1369223701.0
926,1369224054.0
927,1369229136.0
930,1369243293.0
931,1369243537.0
932,1369244181.0
933,1369244321.0
934,1369246593.0
938,1369327851.0
940,1369416884.0
942,1369662642.0
943,1369664107.0
946,1369686557.0
947,1369687652.0
948,1369748397.0
949,1369758905.0
950,1369759654.0
954,1369849144.0
955,1370005302.0
962,1370289509.0
964,1370354734.0
965,1370438521.0
969,1370541619.0
970,1370543116.0
973,1370625756.0
974,1370631167.0
975,1370639957.0
976,1370700359.0
981,1370871554.0
982,1370872616.0
983,1370886329.0
984,1370896532.0
985,1370971675.0
986,1370975986.0
988,1371047215.0
989,1371228810.0
990,1371455597.0
991,1371493195.0
992,1371495708.0
993,1371497240.0
994,1371504144.0
995,1371558761.0
998,1371664543.0
1003,1371745508.0
1007,1372066232.0
1008,1372103336.0
1010,1372167072.0
1012,1372174130.0
1013,1372182280.0
1015,1372190399.0
1016,1372190781.0
1019,1372251137.0
1020,1372253724.0
2848,1372253724.0
1023,1372254348.0
1024,1372254648.0
1027,1372269075.0
1028,1372271454.0
1029,1372294042.0
1031,1372423447.0
1038,1372684936.0
1043,1372727690.0
1044,1372790732.0
1048,1372881107.0
1049,1372881442.0
1051,1372943308.0
1052,1372946295.0
1056,1373043041.0
1057,1373045155.0
1058,1373045462.0
1059,1373050180.0
1063,1373295319.0
1065,1373368581.0
1066,1373371221.0
1067,1373389265.0
1069,1373473602.0
1071,1373566942.0
1077,1373660273.0
1078,1373696484.0
1079,1373696880.0
1080,1373792497.0
1083,1374085351.0
1084,1374154511.0
1087,1374492806.0
1088,1374525786.0
1089,1374578207.0
1090,1374592411.0
1094,1374854073.0
1095,1374881867.0
1098,1375125409.0
1099,1375132985.0
1100,1375140836.0
1101,1375198311.0
1102,1375202788.0
1104,1375278482.0
1105,1375370767.0
1106,1375381809.0
1107,1375383186.0
1111,1375738651.0
1114,1375879087.0
1115,1376318377.0
1120,1376678402.0
1121,1376930990.0
1122,1377106842.0
1123,1377111373.0
1127,1377704320.0
1128,1377724832.0
1129,1377741634.0
1130,1377802434.0
1131,1378155823.0
1132,1378231834.0
1133,1378233316.0
1135,1378490085.0
1137,1378515818.0
1138,1378534941.0
1140,1378747294.0
1142,1378928138.0
1143,1379104552.0
1145,1379364856.0
1148,1379581422.0
1150,1379610856.0
1151,1379699479.0
1154,1380030728.0
1156,1380317735.0
1157,1380549279.0
1158,1380562307.0
1160,1380574384.0
1162,1380648067.0
1163,1380741943.0
1166,1380812352.0
1168,1380827299.0
1169,1380831414.0
1172,1381360598.0
1173,1381429176.0
1180,1381807531.0
1181,1381856633.0
1182,1382102271.0
1183,1382309475.0
1188,1382556331.0
1189,1382650156.0
1190,1382734598.0
1191,1382759069.0
1192,1382760322.0
1195,1383581128.0
1196,1383680173.0
1197,1383787570.0
1198,1383846616.0
1200,1383922791.0
1203,1384545075.0
1204,1384549996.0
1207,1384785501.0
1208,1384787354.0
1209,1384790849.0
1212,1384888048.0
1213,1384975762.0
1217,1385068558.0
1218,1385122036.0
1219,1385497486.0
1224,1385737348.0
1226,1386002657.0
1227,1386005112.0
1228,1386010377.0
1234,1386022396.0
1236,1386085911.0
1239,1386088981.0
1241,1386259779.0
1243,1386353909.0
1245,1386604235.0
1246,1386698458.0
1247,1386705367.0
1248,1386715042.0
1249,1386798840.0
1250,1386961714.0
1251,1386979740.0
1252,1386980689.0
1255,1387289451.0
1256,1387289810.0
1258,1387296782.0
1261,1387562457.0
1262,1387768611.0
1263,1387810598.0
1266,1389026017.0
1267,1389046727.0
1268,1389059243.0
1269,1389060103.0
1270,1389104542.0
1271,1389120257.0
1272,1389126785.0
1275,1389379434.0
1276,1389627119.0
1279,1389641462.0
1283,1389993934.0
1284,1390229684.0
1289,1390424483.0
1290,1390455099.0
1292,1390491153.0
1294,1390579848.0
1295,1390581043.0
1296,1390592051.0
1297,1390593641.0
1298,1390594892.0
1309,1390853667.0
1311,1390875633.0
1312,1390919560.0
1313,1390919860.0
1314,1390920430.0
1315,1390920896.0
1317,1391002224.0
1319,1391119157.0
1320,1391122115.0
1322,1391194281.0
1325,1391448409.0
1326,1391460301.0
1327,1391524408.0
1328,1391524452.0
1329,1391525166.0
1330,1391527949.0
1331,1391537324.0
1332,1391611929.0
1333,1391612203.0
1335,1391779327.0
1336,1391786668.0
1337,1391805642.0
1338,1392041008.0
1347,1392238524.0
1348,1392339794.0
1349,1392389127.0
1352,1392838887.0
1353,1392995222.0
1354,1393015677.0
1358,1393443127.0
1359,1393445252.0
1360,1393445503.0
1361,1393856994.0
1362,1393861198.0
1363,1394056254.0
1366,1394201641.0
1369,1394461004.0
1370,1394473321.0
1371,1394476372.0
1372,1394477169.0
1373,1394481009.0
1374,1394646181.0
1375,1394722039.0
1377,1395250082.0
1379,1395328021.0
1380,1395341510.0
1382,1395697034.0
1383,1395697246.0
1384,1395712288.0
1385,1395713178.0
1387,1395754034.0
1390,1395931138.0
1394,1396552479.0
1395,1396556275.0
1396,1396557345.0
1425,1397139935.0
1426,1397159013.0
1427,1397162103.0
1428,1397236041.0
1429,1397499696.0
1430,1397500953.0
1431,1397501737.0
1432,1397586718.0
1433,1397587494.0
1434,1397649046.0
1435,1397655724.0
1439,1397743962.0
1440,1397744237.0
1441,1397744587.0
1443,1397760330.0
1452,1398709895.0
1453,1398870432.0
1458,1399408529.0
1461,1399692053.0
1462,1399851553.0
1464,1399908850.0
1465,1399909828.0
1468,1400253015.0
1473,1400697852.0
1474,1400698278.0
1475,1400764821.0
2855,1400764821.0
1477,1401137536.0
1479,1401149657.0
1482,1401289119.0
1483,1401298045.0
1487,1401809303.0
1488,1401819578.0
1490,1401993100.0
1491,1402417297.0
1492,1402434257.0
1493,1402575532.0
1494,1402576007.0
1495,1402588233.0
1496,1402668961.0
1497,1402673868.0
1502,1403032176.0
1505,1403701254.0
1507,1403877801.0
1509,1404482920.0
1512,1405109207.0
1513,1405448857.0
1516,1405604538.0
1519,1405958401.0
1520,1406246614.0
1522,1406302825.0
1528,1407164716.0
2597,1407164716.0
1531,1408458476.0
1532,1408505545.0
2841,1408548501.0
1533,1408548501.0
1540,1409599486.0
1541,1409599689.0
1543,1409754828.0
1544,1409766635.0
1547,1409855060.0
1549,1410275422.0
1554,1410381672.0
1555,1410544891.0
1560,1410803211.0
1563,1410804767.0
1566,1410812894.0
1567,1410872144.0
1568,1410872156.0
1569,1410872165.0
1570,1410974161.0
1571,1411050645.0
1574,1411154600.0
1575,1411419488.0
1578,1411705905.0
1579,1411905988.0
1580,1412016790.0
1581,1412019874.0
1583,1412187191.0
1586,1412361491.0
1587,1412618600.0
1589,1412653681.0
1593,1412796092.0
1595,1412970147.0
1597,1413207539.0
1603,1413289963.0
1605,1413584032.0
1606,1413814258.0
1607,1413816008.0
1609,1413925957.0
1610,1414412839.0
1611,1414520501.0
1612,1414525793.0
1613,1414533785.0
1615,1414782174.0
1617,1415047733.0
2851,1415047733.0
1618,1415136141.0
1619,1415198074.0
1620,1415199747.0
1621,1415215377.0
1622,1415217380.0
1623,1415222269.0
1624,1415223155.0
1625,1415246415.0
1627,1415645007.0
1629,1415645827.0
1630,1415646227.0
1633,1415909129.0
1634,1415977739.0
1635,1415994614.0
1636,1415997378.0
1637,1416000287.0
1645,1416499562.0
1646,1416508956.0
1647,1416512389.0
1648,1416582287.0
1651,1416855596.0
1655,1416945861.0
1656,1416950988.0
1658,1417006400.0
1659,1417020247.0
1661,1417129457.0
1662,1417178351.0
1663,1417183017.0
1665,1417211682.0
1667,1417477856.0
1668,1417540055.0
1670,1417624157.0
1671,1417637137.0
1672,1417641345.0
1678,1417727027.0
1681,1418154622.0
1682,1418157834.0
1683,1418162601.0
1684,1418216673.0
1685,1418217051.0
1690,1418324578.0
1691,1418332417.0
1693,1418420144.0
1694,1418420326.0
1695,1418671640.0
1696,1418735300.0
1697,1418835171.0
1701,1418931969.0
1705,1418936535.0
1706,1419023772.0
1709,1419024202.0
1710,1419024344.0
1711,1419024584.0
1712,1419024864.0
1713,1419024924.0
1720,1419268623.0
1725,1419357096.0
1726,1420465142.0
1727,1420488767.0
1728,1421165441.0
1733,1421267691.0
1734,1421267790.0
1743,1421438028.0
1744,1421691493.0
1749,1421851136.0
1750,1421869389.0
1751,1421912279.0
1752,1421937523.0
1753,1421939631.0
1755,1422298710.0
1756,1422303024.0
1757,1422374340.0
1758,1422387544.0
1759,1422388652.0
1760,1422390616.0
1762,1422482300.0
1763,1422482332.0
1764,1422650116.0
1776,1422983078.0
1778,1422989461.0
1781,1423023605.0
1783,1423086350.0
1788,1423127022.0
1792,1423255943.0
1794,1423509994.0
1795,1423512318.0
1797,1423600567.0
1799,1423605548.0
1806,1423779582.0
1811,1423839139.0
1812,1423840299.0
1813,1423840659.0
1814,1423841086.0
1815,1423843681.0
1817,1423850825.0
1823,1424116892.0
1825,1424189773.0
1827,1424211561.0
1828,1424271566.0
1829,1424283915.0
1831,1424349098.0
1834,1424375192.0
2843,1424375192.0
1836,1424378614.0
1839,1424438723.0
1841,1424446987.0
1842,1424469799.0
1844,1424789966.0
1857,1424883528.0
1860,1424983688.0
1861,1425040592.0
1862,1425237261.0
1866,1425488208.0
1869,1425518918.0
1876,1426268252.0
1879,1426618414.0
1880,1426626744.0
1881,1426642387.0
1882,1426885986.0
1883,1427122404.0
1887,1427206836.0
1890,1427382035.0
1891,1427386172.0
1892,1427387750.0
1895,1427404592.0
1901,1427725882.0
1906,1427811231.0
1908,1427818560.0
1909,1427825397.0
1910,1427826020.0
1911,1427832989.0
1913,1427902711.0
1915,1427910258.0
1917,1427912380.0
1918,1427981451.0
1919,1427982605.0
1921,1427998389.0
1925,1428067410.0
1927,1428415387.0
1928,1428433403.0
1937,1428679446.0
1940,1428698760.0
1941,1428698936.0
1942,1428889557.0
1943,1428926228.0
1945,1428948125.0
1947,1429122743.0
1951,1429220387.0
1952,1429275660.0
1955,1429544746.0
1956,1429555211.0
1958,1429560834.0
1959,1429561523.0
1960,1429709706.0
1962,1429810418.0
1968,1430150945.0
1969,1430160066.0
1970,1430160189.0
1973,1430173492.0
1975,1430232551.0
1976,1430239155.0
1977,1430246070.0
1978,1430252342.0
1979,1430252717.0
1980,1430254619.0
1981,1430311544.0
1982,1430313633.0
1983,1430319387.0
1984,1430320712.0
1988,1430419262.0
1989,1430430654.0
1990,1430743545.0
1991,1430744105.0
1992,1430746790.0
1994,1430833099.0
1995,1430838701.0
1996,1430852502.0
1997,1430854156.0
1998,1430856172.0
2000,1430924119.0
2001,1430959683.0
2002,1430999767.0
2003,1431010504.0
2004,1431011424.0
2006,1431096070.0
2007,1431331118.0
2008,1431332413.0
2010,1431351653.0
2011,1431362110.0
2012,1431368429.0
2017,1431455224.0
2018,1431458060.0
2022,1431542506.0
2024,1431651449.0
2026,1431712685.0
2027,1431717180.0
2029,1431972490.0
2037,1431983049.0
2030,1432044222.0
2032,1432060163.0
2033,1432063872.0
2039,1432239869.0
2041,1432305662.0
2042,1432309396.0
2044,1432317393.0
2045,1432322741.0
2046,1432324348.0
2047,1432326250.0
2048,1432355774.0
2049,1432358068.0
2050,1432358261.0
2051,1432524489.0
2052,1432612428.0
2053,1432662078.0
2058,1432663587.0
2059,1432666908.0
2062,1432667468.0
2066,1432739294.0
2067,1432749236.0
2068,1432749397.0
2069,1432749529.0
2072,1432917784.0
2074,1432946048.0
2081,1433181952.0
2082,1433192388.0
2083,1433258202.0
2085,1433277902.0
2086,1433338013.0
2090,1433360121.0
2091,1433363414.0
2092,1433431170.0
2093,1433431608.0
2096,1433436630.0
2097,1433440192.0
2100,1433441157.0
2102,1433513441.0
2103,1433515695.0
2104,1433520443.0
2106,1433528632.0
2107,1433530116.0
2108,1433530833.0
2111,1433790384.0
2113,1433797149.0
2114,1433857560.0
2117,1433873998.0
2118,1433883782.0
2119,1433888521.0
2121,1433949130.0
2122,1433958492.0
2134,1434078831.0
2135,1434135181.0
2137,1434142777.0
2138,1434144422.0
2845,1434144422.0
2139,1434315522.0
2140,1434321277.0
2141,1434373815.0
2148,1434475599.0
2149,1434476502.0
2152,1434600321.0
2154,1434653844.0
2157,1434731588.0
2158,1434745864.0
2159,1434977629.0
2160,1434984945.0
2162,1434994585.0
2163,1434994592.0
2164,1434998750.0
2165,1434998865.0
2170,1435093296.0
2171,1435093999.0
2174,1435175688.0
2176,1435179697.0
2179,1435346472.0
2182,1435606486.0
2183,1435610944.0
2184,1435611785.0
2185,1435676591.0
2187,1435695370.0
2189,1435758711.0
2190,1435761652.0
2194,1435848760.0
2196,1435865411.0
2198,1435943720.0
2199,1435947561.0
2200,1435947578.0
2203,1436295095.0
2205,1436377124.0
2210,1436553520.0
2211,1436560003.0
2212,1437071634.0
2215,1437156351.0
2216,1437156498.0
2217,1437419153.0
2220,1437498851.0
2221,1437589191.0
2222,1437601899.0
2223,1437643338.0
2233,1438611978.0
2234,1438612538.0
2235,1438708944.0
2237,1438805161.0
2239,1439405016.0
2240,1439560608.0
2241,1439824499.0
2242,1440004971.0
2243,1440013071.0
2244,1440014137.0
2245,1440104325.0
2246,1440104736.0
2247,1440171652.0
2248,1440177087.0
2249,1440515252.0
2251,1440598428.0
2252,1440613039.0
2253,1440679007.0
2262,1441222258.0
2273,1441813514.0
2274,1441832287.0
2280,1442323929.0
2282,1442430535.0
2283,1442431427.0
2284,1442432385.0
2285,1442436897.0
2293,1442840032.0
2294,1442840785.0
2296,1442873425.0
2297,1442946547.0
2298,1442947778.0
2299,1443029870.0
2300,1443036691.0
2301,1443040270.0
2302,1443120362.0
2303,1443127643.0
2305,1443446670.0
2310,1443557451.0
2311,1443558299.0
2313,1443581064.0
2314,1443639303.0
2315,1443810148.0
2316,1443812515.0
2317,1444017683.0
2319,1444077800.0
2321,1444164443.0
2322,1444227847.0
2324,1444254751.0
2325,1444269810.0
2326,1444320361.0
2329,1444407531.0
2330,1444413591.0
2331,1444417247.0
2332,1444418085.0
2333,1444418285.0
2334,1444418621.0
2335,1444418997.0
2336,1444429026.0
2339,1444664556.0
2341,1444673133.0
2349,1444766030.0
2350,1444770365.0
2351,1444845400.0
2353,1444845570.0
2354,1444847425.0
2355,1444848130.0
2356,1444849544.0
2357,1444857484.0
2360,1444941280.0
2361,1445004560.0
2362,1445007345.0
2365,1445348842.0
2846,1445451718.0
2368,1445451718.0
2369,1445457664.0
2370,1445457729.0
2371,1445457757.0
2372,1445457788.0
2373,1445457822.0
2374,1445460781.0
2375,1445542024.0
2376,1445542497.0
2377,1445610558.0
2386,1445877400.0
2387,1445883297.0
2391,1445962511.0
2393,1445978381.0
2395,1446046269.0
2396,1446060839.0
2397,1446175407.0
2399,1446216861.0
2400,1446229051.0
2404,1446504161.0
2408,1446650101.0
2409,1446652893.0
2410,1446662487.0
2412,1446754348.0
2414,1446842380.0
2415,1446848998.0
2427,1447336311.0
2431,1447354901.0
2438,1447786617.0
2439,1447788014.0
2441,1447859477.0
2442,1447860280.0
2443,1447862421.0
2445,1447872944.0
2446,1447883798.0
2447,1447884322.0
2449,1447947100.0
2451,1447962909.0
2452,1448046063.0
2455,1448253472.0
2456,1448254597.0
2457,1448295300.0
2462,1448374676.0
2463,1448379357.0
2466,1448452672.0
2467,1448457888.0
2468,1448465451.0
2470,1448469687.0
2471,1448470494.0
2472,1448475491.0
2474,1448487236.0
2476,1448553524.0
2477,1448564341.0
2478,1448566055.0
2480,1448569354.0
2486,1448640231.0
2487,1448653003.0
2493,1448899019.0
2494,1448920669.0
2495,1448979702.0
2496,1448986387.0
2497,1448996576.0
2501,1449002192.0
2503,1449007881.0
2504,1449067904.0
2505,1449079513.0
2506,1449085740.0
2507,1449086909.0
2508,1449094899.0
2509,1449105237.0
2511,1449149269.0
2512,1449173070.0
2513,1449238566.0
2514,1449247353.0
2515,1449248612.0
2516,1449257389.0
2517,1449524155.0
2519,1449608782.0
2520,1449609391.0
2521,1449630769.0
2522,1449670349.0
2523,1449671498.0
2524,1449672030.0
2525,1449672757.0
2526,1449674510.0
2528,1449686233.0
2530,1449687378.0
2531,1449688636.0
2533,1449779142.0
2537,1449854071.0
2538,1449854358.0
2539,1449856497.0
2540,1449861909.0
2542,1449863211.0
2543,1449863259.0
2544,1449868762.0
2545,1449870835.0
2546,1450112621.0
2547,1450128530.0
2548,1450131315.0
2549,1450184922.0
2550,1450195037.0
2551,1450210264.0
2552,1450215221.0
2553,1450241851.0
2555,1450288339.0
2559,1450361521.0
2561,1450376539.0
2564,1450385502.0
2565,1450388455.0
2570,1450717870.0
2571,1450725439.0
2572,1450725577.0
2573,1450726871.0
2574,1450732951.0
2575,1450749722.0
2580,1450895950.0
2582,1450973362.0
2583,1451315590.0
2584,1451408798.0
2586,1451580226.0
2588,1451941414.0
2591,1452012769.0
2592,1452023481.0
2595,1452111267.0
2599,1452288692.0
2600,1452518943.0
2601,1452543302.0
2605,1452547405.0
2607,1452612794.0
2608,1452612952.0
2609,1452613447.0
2618,1452703714.0
2622,1452778703.0
2624,1452791949.0
2626,1452800371.0
2847,1452873279.0
2629,1452875257.0
2840,1452876542.0
2630,1452889111.0
2631,1452889459.0
2638,1453748139.0
2640,1453823290.0
2643,1453920930.0
2644,1453920975.0
2645,1453928269.0
2647,1454006748.0
2650,1454082120.0
2651,1454087068.0
2652,1454087874.0
2653,1454091153.0
2654,1454422193.0
2655,1454427064.0
2659,1454534937.0
2660,1454535926.0
2661,1454593414.0
2663,1454596058.0
2664,1454603755.0
2668,1454726125.0
2669,1454936494.0
2670,1454942553.0
2687,1454945435.0
2688,1454946504.0
2854,1454968400.0
2692,1455041547.0
2693,1455045279.0
2697,1455210544.0
2699,1455227662.0
2700,1455292380.0
2701,1455292993.0
2702,1455294451.0
2703,1455309641.0
2705,1455565422.0
2708,1455754906.0
2711,1456170492.0
2713,1456231723.0
2714,1456231752.0
2715,1456253917.0
2716,1456254998.0
2717,1456319466.0
2718,1456324799.0
2719,1456425563.0
2720,1456507050.0
2721,1456520856.0
2722,1456761359.0
2725,1456774300.0
2727,1456778690.0
2728,1456847434.0
2731,1456871465.0
2734,1456945007.0
2735,1456952632.0
2738,1457016254.0
2739,1457016510.0
2741,1457120216.0
2743,1457128643.0
2744,1457363537.0
2746,1457379272.0
2747,1457385248.0
2748,1457387524.0
2749,1457444322.0
2751,1457454372.0
2752,1457464109.0
2753,1457468222.0
2756,1457537837.0
2757,1457538525.0
2835,1457621154.0
2760,1457638331.0
2761,1457702606.0
2763,1457719232.0
2764,1457723432.0
2765,1457733961.0
2836,1457986603.0
2776,1458050549.0
2777,1458063106.0
2778,1458075855.0
2779,1458140415.0
2780,1458140488.0
2781,1458140588.0
2783,1458237985.0
2784,1458327185.0
2786,1458569321.0
2787,1458589950.0
2789,1458656613.0
2792,1458765279.0
2794,1458845112.0
2795,1458850043.0
2796,1458916354.0
2798,1458917868.0
2801,1459223889.0
2813,1459344752.0
2814,1459454444.0
2815,1459512246.0
2816,1459532185.0
2817,1459774985.0
2819,1459820949.0
2856,1459912755.0
2859,1459950688.0
2820,1460032912.0
2821,1460033718.0
2822,1460035639.0
2858,1460040876.0
2823,1460054504.0
2824,1460060878.0
2825,1460063597.0
2827,1460129390.0
2828,1460129541.0
2829,1460131824.0
2830,1460142719.0
2831,1460143746.0
2833,1460389106.0
2834,1460394402.0
2932,1460483718.0
2934,1460487989.0
2935,1460496206.0
2936,1460540414.0
2937,1460569618.0
2938,1460574878.0
2939,1460575406.0
2941,1460643130.0
2943,1460728775.0
2944,1460731781.0
2945,1460732578.0
2947,1460990262.0
2948,1460992278.0
2949,1461005046.0
2952,1461176608.0
2954,1461247905.0
2958,1461273624.0
2959,1461353709.0
2960,1461357506.0
2961,1461512950.0
2962,1461513759.0
2963,1461596180.0
2965,1461610264.0
2968,1461696295.0
2969,1461703089.0
2970,1461726046.0
2971,1461848877.0
2972,1461848985.0
2973,1461853470.0
2974,1461864524.0
2976,1461896221.0
2977,1461955611.0
2978,1461956476.0
2989,1462309465.0
2990,1462310511.0
2991,1462368843.0
2992,1462370985.0
2993,1462388741.0
3000,1462591109.0
3002,1462803719.0
3003,1462812143.0
3006,1462817161.0
3008,1462901564.0
3010,1462970697.0
3012,1463000262.0
3016,1463148811.0
3017,1463155403.0
3021,1463496198.0
3022,1463496377.0
3023,1463496553.0
3024,1463496712.0
3025,1463496915.0
3026,1463497405.0
3027,1463519329.0
3028,1463530764.0
3029,1463536917.0
3030,1463594153.0
3031,1463599650.0
3032,1463601051.0
3033,1463764220.0
3034,1463766055.0
3039,1464028260.0
3040,1464031355.0
3041,1464102714.0
3043,1464115022.0
3044,1464126614.0
3045,1464159048.0
3046,1464185257.0
3048,1464283625.0
3051,1464356177.0
3052,1464374252.0
3054,1464397846.0
3055,1464414963.0
3057,1464617279.0
3060,1464699965.0
3064,1464717933.0
3065,1464721697.0
3066,1464722084.0
3069,1464801463.0
3070,1464881111.0
3072,1464897047.0
3074,1464898541.0
3079,1465235000.0
3080,1465239739.0
3081,1465240468.0
3084,1465293509.0
3085,1465293795.0
3086,1465310031.0
3087,1465321018.0
3088,1465326210.0
3091,1465331106.0
3092,1465331125.0
3093,1465406244.0
3094,1465409274.0
3095,1465414702.0
3096,1465417035.0
3098,1465420236.0
3099,1465437830.0
3105,1465568808.0
3108,1465838908.0
3119,1465849370.0
3120,1465857242.0
3121,1465880148.0
3122,1465890950.0
3125,1465928173.0
3127,1465950004.0
3131,1466015791.0
3132,1466020824.0
3133,1466060410.0
3134,1466089559.0
3135,1466107064.0
3138,1466111280.0
3140,1466168281.0
3141,1466198362.0
3143,1466296523.0
3146,1466516701.0
3147,1466524510.0
3148,1466530375.0
3149,1466530597.0
3153,1466539241.0
3154,1466556297.0
3157,1466620294.0
3160,1466659647.0
3161,1466659931.0
3162,1466682487.0
3163,1466694388.0
3164,1466702967.0
3167,1466778788.0
3168,1466795482.0
3169,1466795568.0
3171,1466799078.0
3172,1466997550.0
3173,1466999098.0
3175,1467039070.0
3176,1467051358.0
3177,1467052110.0
3178,1467052765.0
3182,1467082803.0
3183,1467083178.0
3185,1467128066.0
3186,1467128149.0
3187,1467130040.0
3188,1467138084.0
3192,1467236675.0
3193,1467311815.0
3194,1467316817.0
3195,1467319892.0
3197,1467401001.0
3198,1467643134.0
3199,1467646146.0
3200,1467647074.0
3201,1467658896.0
3202,1467662223.0
3203,1467744689.0
3204,1467745825.0
3205,1467748146.0
3206,1467750174.0
3207,1467813888.0
3208,1467828645.0
3209,1467915932.0
3211,1468003355.0
3212,1468250652.0
3215,1468351632.0
3216,1468352496.0
3217,1468357522.0
3218,1468441190.0
3219,1468513788.0
3221,1468877593.0
3222,1468939928.0
3223,1469046335.0
3224,1469113859.0
3230,1469474240.0
3231,1469562390.0
3233,1470082998.0
3234,1470254523.0
3235,1470317980.0
3237,1470674770.0
3245,1470680605.0
3247,1470755216.0
3248,1470766831.0
3252,1470929319.0
3255,1471285299.0
3256,1471454222.0
3257,1471460809.0
3261,1471876514.0
3262,1471878583.0
3269,1472133178.0
3270,1472151226.0
3272,1472165487.0
3273,1472225525.0
3276,1472645533.0
3278,1472659357.0
3281,1472830721.0
3282,1473082965.0
3283,1473106523.0
3285,1473142574.0
3286,1473163571.0
3287,1473167279.0
3288,1473258962.0
3289,1473259490.0
3290,1473270096.0
3291,1473279515.0
3292,1473344656.0
3298,1473427732.0
3299,1473446799.0
3302,1473705968.0
3306,1473794208.0
3307,1473863921.0
3308,1473876871.0
3309,1473879470.0
3311,1473960661.0
3316,1474294932.0
3320,1474314061.0
3323,1474380150.0
3324,1474394191.0
3328,1474544590.0
3333,1475000104.0
3336,1475091355.0
3337,1475112471.0
3340,1475171509.0
3341,1475254386.0
3342,1475259670.0
3343,1475274115.0
3365,1475604364.0
3368,1475691309.0
3370,1475693951.0
3371,1475694115.0
3373,1475696113.0
3374,1475708521.0
3375,1475714070.0
3379,1476112123.0
3380,1476125962.0
3381,1476131335.0
3382,1476211554.0
3385,1476278625.0
3386,1476278674.0
3387,1476284405.0
3396,1476384696.0
3398,1476388516.0
3399,1476390645.0
3400,1476391913.0
3404,1476726569.0
3406,1476727079.0
3409,1476812792.0
3410,1476816093.0
3414,1476825398.0
3416,1476888899.0
3427,1477059539.0
3428,1477064515.0
3430,1477320437.0
3431,1477407938.0
3432,1477422213.0
3433,1477425321.0
3434,1477518660.0
3435,1477577987.0
3436,1477582639.0
3437,1477583297.0
3438,1477598194.0
3439,1477625521.0
3441,1477679011.0
3444,1477683630.0
3445,1477695806.0
3446,1477945069.0
3447,1478007179.0
3448,1478117638.0
3449,1478174936.0
3450,1478176640.0
3451,1478183512.0
3453,1478187605.0
3454,1478193886.0
3456,1478262217.0
3457,1478275975.0
3459,1478278828.0
3461,1478280717.0
3462,1478289623.0
3463,1478289959.0
3466,1478291087.0
3468,1478551059.0
3469,1478556296.0
3471,1478633894.0
3475,1478667918.0
3476,1478702886.0
3477,1478704165.0
3478,1478707828.0
3479,1478714538.0
3480,1478794646.0
3481,1478810103.0
3488,1479172923.0
3489,1479218641.0
3490,1479222252.0
3491,1479222416.0
3492,1479222711.0
3493,1479226075.0
3494,1479238607.0
3495,1479246007.0
3499,1479301776.0
3500,1479318083.0
3501,1479321122.0
3503,1479322716.0
3504,1479324510.0
3506,1479325161.0
3507,1479365393.0
3510,1479415230.0
3511,1479480022.0
3513,1479744586.0
3514,1479744602.0
3515,1479759791.0
3516,1479764105.0
3517,1479766586.0
3518,1479767734.0
3519,1479769943.0
3521,1479841412.0
3523,1479851310.0
3524,1479910291.0
3525,1479913106.0
3529,1480080228.0
3530,1480080270.0
3533,1480102424.0
3537,1480533517.0
3542,1480603004.0
3543,1480603430.0
3545,1480624100.0
3553,1480963586.0
3554,1480967101.0
3555,1480970136.0
3556,1480974024.0
3557,1480991602.0
3559,1481046485.0
3562,1481060096.0
3565,1481148553.0
3567,1481224308.0
3571,1481577713.0
3572,1481660474.0
3576,1481663656.0
3577,1481743789.0
3579,1481760601.0
3580,1481833071.0
3582,1481890017.0
3583,1481901430.0
3584,1481903243.0
3590,1482427447.0
3591,1482942385.0
3595,1483374449.0
3599,1483459030.0
3600,1483459902.0
3601,1483468875.0
3606,1483642240.0
3607,1483652124.0
3609,1483668022.0
3613,1483733946.0
3614,1483736336.0
3615,1483736794.0
3616,1483743932.0
3617,1483761223.0
3623,1483994009.0
3628,1483995902.0
3636,1483999196.0
3641,1484154202.0
3642,1484163765.0
3643,1484164353.0
3644,1484164901.0
3645,1484167364.0
3646,1484167960.0
3647,1484191595.0
3649,1484246677.0
3650,1484331370.0
3653,1484590504.0
3656,1484762696.0
3657,1484763194.0
3660,1484835483.0
3661,1484863201.0
3662,1484930451.0
3664,1485175993.0
3665,1485176305.0
3666,1485181288.0
3670,1485188414.0
3671,1485194435.0
3675,1485203381.0
3676,1485209076.0
3677,1485219922.0
3686,1485433636.0
3690,1485546402.0
3692,1485802327.0
3693,1485806581.0
3695,1485883536.0
3697,1485944363.0
3700,1485979442.0
3702,1486008615.0
3703,1486042231.0
3704,1486044368.0
3706,1486060271.0
3709,1486122287.0
3713,1486149258.0
3717,1486387436.0
3718,1486392494.0
3719,1486406759.0
3720,1486408360.0
3721,1486408530.0
3727,1486503266.0
3728,1486518479.0
3729,1486570664.0
3744,1487172397.0
3745,1487173279.0
3746,1487174839.0
3748,1487185100.0
3749,1487185213.0
3751,1487274026.0
3754,1487284856.0
3755,1487352458.0
3756,1487590933.0
3757,1487617137.0
3761,1487644639.0
3762,1487645204.0
3767,1487649251.0
3768,1487683234.0
3770,1487702238.0
3772,1487777497.0
3776,1487865807.0
3778,1487883900.0
3779,1487887817.0
3780,1487922454.0
3782,1488164280.0
3783,1488167299.0
3785,1488210380.0
3786,1488212225.0
3787,1488212384.0
3788,1488234685.0
3791,1488290611.0
3792,1488291104.0
3793,1488295322.0
3795,1488299861.0
3796,1488304759.0
3800,1488391641.0
3801,1488406519.0
3802,1488425424.0
3805,1488484434.0
3806,1488486491.0
3807,1488493234.0
3808,1488493446.0
3814,1488817578.0
3815,1488830303.0
3816,1488893342.0
3819,1488899884.0
3823,1488921042.0
3825,1488935785.0
3826,1488977502.0
3827,1488982749.0
3828,1488988423.0
3829,1488996667.0
3830,1489001298.0
3831,1489003456.0
3832,1489005099.0
3835,1489006234.0
3836,1489007517.0
3838,1489071840.0
3839,1489073676.0
3840,1489078736.0
3841,1489080791.0
3842,1489090044.0
3843,1489090633.0
3844,1489091081.0
3845,1489099138.0
3846,1489099204.0
3848,1489159187.0
3849,1489161339.0
3851,1489169882.0
3853,1489182912.0
3854,1489183216.0
3855,1489195991.0
3856,1489197795.0
3857,1489424575.0
3861,1489491501.0
3862,1489501209.0
3863,1489502136.0
3864,1489513913.0
3865,1489517449.0
3867,1489552314.0
3868,1489587748.0
3869,1489597768.0
3870,1489608654.0
3871,1489610920.0
3872,1489623975.0
3873,1489662427.0
3874,1489667594.0
3875,1489668809.0
3876,1489684857.0
3877,1489692442.0
3878,1489697624.0
3880,1489709488.0
3885,1489759975.0
3886,1489778241.0
3887,1489778505.0
3888,1489779285.0
3893,1489781154.0
3894,1489806437.0
3895,1489978647.0
3896,1490025125.0
3898,1490036112.0
3899,1490039380.0
3900,1490092091.0
3901,1490103015.0
3903,1490122617.0
3904,1490127701.0
3908,1490209409.0
3909,1490209449.0
3910,1490211307.0
3911,1490211645.0
3912,1490215725.0
3913,1490235604.0
3914,1490245579.0
3915,1490250853.0
3916,1490277901.0
3918,1490295638.0
3919,1490303415.0
3921,1490307411.0
3923,1490377715.0
3924,1490393526.0
3925,1490618818.0
3926,1490620871.0
3927,1490639048.0
3931,1490648173.0
3933,1490724988.0
3937,1490813093.0
3942,1490918481.0
3943,1490983471.0
3952,1491247012.0
3956,1491490128.0
3957,1491570524.0
3963,1491906506.0
3964,1491936980.0
3965,1491944297.0
3966,1491962374.0
3968,1492030173.0
3991,1492631789.0
4000,1492769820.0
4001,1493049025.0
4002,1493154214.0
4003,1493155293.0
4005,1493212540.0
4006,1493228589.0
4007,1493265841.0
4008,1493294554.0
4009,1493305702.0
4010,1493318704.0
4012,1493389430.0
4011,1493389430.0
4013,1493405620.0
4014,1493731585.0
4016,1493754541.0
4018,1493816056.0
4021,1493821082.0
4023,1493840410.0
4024,1493928780.0
4025,1494009433.0
4027,1494313079.0
4030,1494427609.0
4031,1494429279.0
4032,1494512204.0
4033,1494513052.0
4034,1494624671.0
4035,1494854250.0
4036,1494868841.0
4037,1494870816.0
4038,1494871432.0
4039,1494881929.0
4040,1494938864.0
4041,1494959793.0
4042,1494961884.0
4043,1494964755.0
4044,1495026992.0
4045,1495028745.0
4046,1495033536.0
4048,1495104254.0
4049,1495207915.0
4052,1495227428.0
4054,1495463293.0
4056,1495546530.0
4057,1495547373.0
4058,1495554768.0
4059,1495556379.0
4060,1495563437.0
4064,1496230471.0
4065,1496252077.0
4068,1496328297.0
4070,1496362561.0
4073,1496845900.0
4074,1496860614.0
4075,1496930604.0
4076,1496944151.0
4078,1497287922.0
4080,1497365122.0
4081,1497452539.0
4082,1497454491.0
4083,1497460307.0
4085,1497469720.0
4086,1497473696.0
4087,1497533404.0
4088,1497537118.0
4089,1497617687.0
4090,1497623122.0
4091,1497623489.0
4093,1497894574.0
4096,1497984850.0
4097,1498057595.0
4104,1498157659.0
4105,1498163180.0
4106,1498190906.0
4107,1498237502.0
4109,1498250149.0
4110,1498482754.0
4111,1498485675.0
4114,1498594181.0
4115,1498595746.0
4117,1498657744.0
4118,1498665811.0
4121,1498755929.0
4122,1498765217.0
4125,1499050270.0
4136,1499182394.0
4137,1499190093.0
4138,1499195447.0
4140,1499261222.0
4141,1499270015.0
4142,1499310194.0
4146,1499706215.0
4150,1499810003.0
4153,1499889166.0
4162,1500405688.0
4165,1500556414.0
4167,1500571945.0
4172,1500671158.0
4176,1500909982.0
4178,1500966017.0
4182,1501182665.0
4183,1501188987.0
4184,1501189278.0
4185,1501235870.0
4186,1501247617.0
4187,1501533204.0
4188,1501597304.0
4189,1501598454.0
4192,1501628167.0
4193,1501686008.0
4194,1501692629.0
4196,1502022712.0
4197,1502100954.0
4198,1502110222.0
4201,1502119165.0
4202,1502119896.0
4203,1502120490.0
4204,1502126875.0
4206,1502204744.0
4210,1502310254.0
4211,1502378170.0
4212,1502476423.0
4213,1502485796.0
4217,1502903406.0
4218,1502903589.0
4219,1502903734.0
4220,1502904420.0
4221,1502904803.0
4222,1502905331.0
4226,1503084700.0
4228,1503322833.0
4229,1503339598.0
4230,1503402988.0
4232,1503432788.0
4233,1503512306.0
4234,1503514574.0
4236,1503687872.0
4237,1503690972.0
4238,1503918336.0
4242,1503979379.0
4243,1503981097.0
4244,1504041759.0
4245,1504041787.0
4246,1504041818.0
4257,1504291135.0
4258,1504532590.0
4259,1504534517.0
4263,1504567133.0
4265,1504632666.0
4267,1504636238.0
4269,1504668828.0
4272,1504721674.0
4275,1504733196.0
4277,1504741420.0
4278,1504742996.0
4279,1504745238.0
4280,1504753936.0
4281,1504792980.0
4285,1504821070.0
4288,1505138261.0
4289,1505139338.0
4291,1505328776.0
4293,1505338233.0
4295,1505430956.0
4296,1505456684.0
4297,1505477532.0
4302,1505759712.0
4307,1505833240.0
4308,1505840139.0
4309,1505848395.0
4311,1505920445.0
4312,1505943430.0
4313,1505997801.0
4316,1506009662.0
4317,1506015334.0
4320,1506028020.0
4321,1506082823.0
4322,1506109607.0
4325,1506352773.0
4327,1506363082.0
4328,1506366403.0
4330,1506435749.0
4332,1506448233.0
4336,1506528108.0
4337,1506530898.0
4338,1506531881.0
4339,1506532201.0
4341,1506544845.0
4342,1506626548.0
4344,1506628048.0
4349,1506642052.0
4351,1506689041.0
4353,1506692963.0
4354,1506695788.0
4355,1506708467.0
4357,1506717302.0
4358,1506945747.0
4360,1506977622.0
4361,1507035990.0
4362,1507037309.0
4363,1507043664.0
4368,1507212011.0
4369,1507214015.0
4370,1507215967.0
4373,1507296667.0
4387,1507412411.0
4389,1507582398.0
4390,1507586597.0
4392,1507648913.0
4393,1507649993.0
4394,1507659219.0
4395,1507666312.0
4396,1507666339.0
4397,1507731516.0
4398,1507734827.0
4399,1507737989.0
4400,1507745397.0
4403,1507749273.0
4404,1507820576.0
4405,1507821239.0
4406,1507823571.0
4408,1507907554.0
4410,1507922487.0
4411,1507922710.0
4416,1508161734.0
4420,1508246911.0
4423,1508264982.0
4424,1508268826.0
4428,1508335327.0
4429,1508337553.0
4430,1508338812.0
4431,1508351611.0
4432,1508359009.0
4433,1508424938.0
4434,1508520931.0
4439,1508788527.0
4445,1508938787.0
4450,1509029933.0
4454,1509125954.0
4455,1509129850.0
4456,1509132752.0
4458,1509374029.0
4460,1509394467.0
4461,1509465063.0
4463,1509622721.0
4464,1509625087.0
4467,1509638015.0
4469,1509704116.0
4474,1510007221.0
4475,1510040057.0
4476,1510063914.0
4482,1510254743.0
4483,1510255300.0
4484,1510257042.0
4485,1510290609.0
4486,1510319351.0
4489,1510350292.0
4490,1510353831.0
4492,1510591305.0
4494,1510667947.0
4495,1510674625.0
4497,1510677054.0
4498,1510691731.0
4499,1510693062.0
4502,1510770595.0
4505,1510777866.0
4506,1510781243.0
4507,1510782479.0
4511,1510931420.0
4513,1510945061.0
4514,1511181667.0
4516,1511186713.0
4521,1511368721.0
4522,1511371411.0
4530,1511523139.0
4532,1511534991.0
4533,1511535830.0
4548,1511881660.0
4549,1511901001.0
4550,1511965527.0
4553,1512048056.0
4555,1512139452.0
4556,1512157636.0
4557,1512373142.0
4558,1512417518.0
4559,1512483448.0
4560,1512581360.0
4561,1512653736.0
4567,1512682796.0
4568,1512686053.0
4569,1512751296.0
4570,1512753919.0
4573,1513001071.0
4577,1513016578.0
4578,1513087609.0
4579,1513090568.0
4581,1513173377.0
4584,1513177461.0
4585,1513187832.0
4587,1513215791.0
4588,1513338610.0
4589,1513367814.0
4590,1513371175.0
4592,1513623241.0
4593,1513623780.0
4595,1513627100.0
4597,1513630517.0
4598,1513633004.0
4603,1513794842.0
4613,1514572460.0
4614,1514578055.0
4616,1514580537.0
4617,1514585851.0
4618,1514902083.0
4619,1514905588.0
4620,1514921592.0
4622,1514934730.0
4623,1515013860.0
4624,1515086267.0
4625,1515093649.0
4626,1515109084.0
4627,1515133046.0
4628,1515133149.0
4629,1515133316.0
4631,1515180836.0
4632,1515180934.0
4633,1515180957.0
4634,1515180980.0
4635,1515181073.0
4636,1515182525.0
4638,1515422096.0
4639,1515425091.0
4640,1515428571.0
4642,1515436052.0
4643,1515442488.0
4644,1515501790.0
4645,1515506084.0
4650,1515599915.0
4651,1515642584.0
4652,1515682239.0
4654,1515695648.0
4655,1515764805.0
4656,1515771904.0
4658,1515791563.0
4659,1515792313.0
4660,1515817336.0
4672,1516055824.0
4673,1516061804.0
4674,1516064574.0
4676,1516119580.0
4677,1516131709.0
4678,1516137164.0
4679,1516141449.0
4680,1516149803.0
4681,1516197457.0
4682,1516210785.0
4685,1516272554.0
4688,1516303483.0
4689,1516312299.0
4690,1516367911.0
4691,1516373767.0
4692,1516384837.0
4693,1516389906.0
4694,1516394722.0
4697,1516729711.0
4698,1516749707.0
4699,1516822169.0
4700,1516822229.0
4703,1516893870.0
4704,1516897907.0
4706,1516908797.0
4707,1516909483.0
4708,1516910971.0
4709,1516915947.0
4714,1516936247.0
4717,1516985337.0
4718,1517081140.0
4719,1517081277.0
4721,1517228323.0
4722,1517238371.0
4723,1517239300.0
4724,1517239656.0
4725,1517250610.0
4727,1517257768.0
4729,1517265854.0
4731,1517322222.0
4732,1517326066.0
4733,1517406588.0
4737,1517511497.0
4739,1517521835.0
4742,1517591987.0
4746,1517868502.0
4749,1517946862.0
4750,1517952911.0
4751,1517953336.0
4752,1517953916.0
4753,1517965041.0
4754,1518005286.0
4755,1518010907.0
4757,1518020920.0
4759,1518101832.0
4760,1518137497.0
4764,1518200709.0
4765,1518243095.0
4768,1518465430.0
4771,1518552836.0
4772,1518619667.0
4774,1518632052.0
4775,1518641792.0
4780,1518713573.0
4784,1518727770.0
4785,1518727814.0
4786,1518727848.0
4787,1518727897.0
4789,1518732886.0
4790,1518742354.0
4791,1518744365.0
4793,1519052761.0
4794,1519068191.0
4797,1519158174.0
4804,1519276212.0
4805,1519298585.0
4807,1519306644.0
4809,1519315482.0
4810,1519320421.0
4811,1519325819.0
4812,1519327072.0
4814,1519374414.0
4816,1519385807.0
4818,1519407660.0
4820,1519413938.0
4823,1519416411.0
4825,1519678393.0
4827,1519680283.0
4828,1519683115.0
4829,1519828431.0
4830,1519828691.0
4831,1519853627.0
4833,1519914269.0
4834,1519923269.0
4837,1519981854.0
4838,1520002137.0
4839,1520004097.0
4840,1520029961.0
4843,1520280567.0
4845,1520436417.0
4846,1520451235.0
4851,1520483632.0
4852,1520509369.0
4854,1520595854.0
4855,1520596444.0
4857,1520612291.0
4858,1520612321.0
4859,1520612378.0
4860,1520624516.0
4861,1520626294.0
4863,1520678537.0
4865,1520860310.0
4867,1520867582.0
4868,1520870317.0
4869,1520876024.0
4872,1520888279.0
4875,1520948677.0
4876,1520967117.0
4877,1520970742.0
4878,1520974568.0
4879,1520986015.0
4880,1520986470.0
4881,1520993006.0
4882,1521014223.0
4884,1521032576.0
4886,1521040785.0
4893,1521131881.0
4894,1521132820.0
4895,1521138634.0
4896,1521207276.0
4897,1521208965.0
4898,1521212987.0
4901,1521480951.0
4902,1521483991.0
4903,1521489984.0
4904,1521512701.0
4906,1521553693.0
4908,1521654487.0
4915,1521734039.0
4917,1521752482.0
4919,1521818145.0
4920,1521831389.0
4926,1522072100.0
4927,1522072816.0
4929,1522088616.0
4930,1522088789.0
4931,1522147719.0
4932,1522175385.0
4933,1522175474.0
4934,1522179841.0
4936,1522248196.0
4937,1522248759.0
4938,1522252425.0
4939,1522256234.0
4942,1522282236.0
4943,1522291187.0
4944,1522323571.0
4945,1522330052.0
4947,1522348627.0
4948,1522353912.0
4949,1522355533.0
4950,1522356571.0
4951,1522359559.0
4952,1522360461.0
4954,1522423029.0
4956,1522443049.0
4957,1522611145.0
4958,1522667806.0
4959,1522688507.0
4960,1522689896.0
4961,1522722746.0
4962,1522755719.0
4964,1522770813.0
4966,1522782577.0
4967,1522850926.0
4968,1522851923.0
4969,1522853841.0
4970,1522867042.0
4971,1522867240.0
4972,1522870047.0
4973,1522889556.0
4974,1522931752.0
4975,1522932679.0
4976,1522940259.0
4977,1522952335.0
4978,1522958891.0
4979,1523021323.0
4980,1523058030.0
4981,1523282531.0
4983,1523307736.0
4984,1523308160.0
4985,1523309549.0
4986,1523364483.0
4987,1523367378.0
4988,1523373633.0
4989,1523375650.0
4990,1523472313.0
4991,1523474064.0
4993,1523550060.0
4994,1523560030.0
4998,1523900700.0
5001,1523972235.0
5002,1523978435.0
5005,1523989399.0
5009,1524056914.0
5011,1524075539.0
5012,1524079474.0
5013,1524102642.0
5014,1524106045.0
5016,1524167503.0
5019,1524252163.0
5030,1524778212.0
5031,1524839718.0
5032,1524877169.0
5039,1525110800.0
5042,1525256405.0
5043,1525291188.0
5049,1525377381.0
5055,1525452121.0
5056,1525458838.0
5057,1525462654.0
5058,1525462672.0
5061,1525698725.0
5066,1525727997.0
5067,1525876253.0
5069,1525957062.0
5070,1525975253.0
5071,1526050997.0
5074,1526142454.0
5078,1526310641.0
5085,1526491360.0
5092,1526558938.0
5096,1526674812.0
5102,1526904455.0
5107,1527021481.0
5108,1527024092.0
5109,1527034103.0
5111,1527092377.0
5112,1527101937.0
5115,1527164303.0
5116,1527173962.0
5137,1527260103.0
5139,1527270772.0
5140,1527277528.0
5152,1527600251.0
5153,1527600305.0
5154,1527600329.0
5167,1527879195.0
5173,1528209207.0
5174,1528220331.0
5175,1528231992.0
5176,1528290587.0
5177,1528314576.0
5178,1528339516.0
5179,1528479036.0
5180,1528486834.0
5181,1528726392.0
5183,1528751377.0
5184,1528808495.0
5188,1528904035.0
5192,1529072375.0
5196,1529322446.0
5197,1529329097.0
5199,1529415603.0
5201,1529499905.0
5205,1529543592.0
5206,1529549116.0
5208,1529607955.0
5210,1529682430.0
5211,1529694313.0
5213,1529935854.0
5214,1529955213.0
5215,1529959509.0
5216,1530021150.0
5217,1530032017.0
5218,1530034460.0
5219,1530042644.0
5220,1530045357.0
5221,1530107851.0
5222,1530113127.0
5225,1530215402.0
5228,1530275275.0
5229,1530278833.0
5231,1530542100.0
5232,1530543270.0
5236,1530619624.0
5237,1530625748.0
5238,1530626367.0
5241,1530630299.0
5242,1530642235.0
5244,1530664024.0
5248,1530713233.0
5258,1530801869.0
5260,1530820298.0
5265,1530888706.0
5266,1531150703.0
5267,1531151297.0
5268,1531156347.0
5269,1531157094.0
5271,1531168397.0
5272,1531170165.0
5273,1531235241.0
5274,1531236463.0
5275,1531241427.0
5276,1531246632.0
5280,1531396238.0
5281,1531410671.0
5282,1531414534.0
5283,1531414571.0
5284,1531414599.0
5286,1531479104.0
5288,1531505397.0
5289,1531773164.0
5290,1531848801.0
5291,1531860205.0
5292,1531860284.0
5293,1531872025.0
5294,1531924988.0
5295,1531969465.0
5296,1532013074.0
5297,1532023998.0
5299,1532099446.0
5300,1532119431.0
5301,1532120777.0
5302,1532357589.0
5303,1532366464.0
5304,1532458359.0
5305,1532464976.0
5309,1532639146.0
5314,1532980614.0
5316,1532985469.0
5317,1533058989.0
5319,1533150572.0
5320,1533156880.0
5322,1533232916.0
5323,1533232947.0
5324,1533237019.0
5325,1533306332.0
5326,1533308609.0
5327,1533567318.0
5328,1533567587.0
5329,1533581651.0
5330,1533583423.0
5331,1533607433.0
5336,1533736606.0
5337,1533736802.0
5341,1533754067.0
5343,1533762836.0
5347,1533813196.0
5349,1533823572.0
5351,1533839122.0
5355,1534169461.0
5356,1534171366.0
5359,1534189823.0
5360,1534192736.0
5361,1534261186.0
5363,1534274951.0
5364,1534280407.0
5366,1534426954.0
5367,1534536500.0
5368,1534771441.0
5371,1534814366.0
5374,1534964450.0
5375,1534964497.0
5376,1534992428.0
5378,1535030908.0
5379,1535033703.0
5380,1535037049.0
5381,1535046488.0
5384,1535375408.0
5387,1535399742.0
5391,1535486281.0
5406,1536043314.0
5407,1536087266.0
5408,1536089485.0
5414,1536173679.0
5415,1536176957.0
5419,1536259971.0
5420,1536266429.0
5422,1536269589.0
5423,1536272045.0
5424,1536327018.0
5425,1536328863.0
5429,1536351684.0
5430,1536353949.0
5433,1536579756.0
5434,1536590359.0
5435,1536591774.0
5436,1536592703.0
5437,1536595797.0
5438,1536604841.0
5439,1536612009.0
5440,1536664532.0
5443,1536758522.0
5448,1536853943.0
5449,1536862091.0
5451,1536925135.0
5453,1536932293.0
5454,1536934154.0
5455,1536935114.0
5456,1536936505.0
5458,1536944093.0
5459,1536956345.0
5460,1537191006.0
5461,1537192730.0
5462,1537276822.0
5463,1537283149.0
5465,1537304213.0
5467,1537306964.0
5468,1537363320.0
5470,1537382017.0
5472,1537384427.0
5474,1537388346.0
5476,1537470075.0
5478,1537473322.0
5480,1537485224.0
5481,1537491717.0
5483,1537542102.0
5493,1537821978.0
5495,1537827395.0
5496,1537834888.0
5497,1537886448.0
5498,1537889755.0
5502,1537923904.0
5503,1537957162.0
5511,1538053718.0
5512,1538075908.0
5514,1538146596.0
5519,1538159696.0
5520,1538160602.0
5521,1538160738.0
5522,1538161448.0
5523,1538162751.0
5524,1538167891.0
5525,1538402136.0
5531,1538426334.0
5535,1538500479.0
5536,1538531588.0
5543,1538580561.0
5546,1538596391.0
5553,1538762076.0
5554,1538765279.0
5558,1539100620.0
5565,1539158769.0
5566,1539181595.0
5567,1539182122.0
5568,1539184027.0
5569,1539263410.0
5571,1539269328.0
5574,1539289760.0
5575,1539290592.0
5577,1539356589.0
5578,1539360513.0
5579,1539366225.0
5581,1539431673.0
5582,1539585089.0
5584,1539625418.0
5585,1539698027.0
5586,1539702019.0
5588,1539739006.0
5590,1539801666.0
5592,1539804662.0
5593,1539816578.0
5594,1539838577.0
5595,1539922451.0
5601,1539974404.0
5602,1539975264.0
5603,1539977164.0
5606,1540231210.0
5607,1540234580.0
5608,1540237271.0
5609,1540243218.0
5610,1540303071.0
5611,1540307316.0
5613,1540398829.0
5614,1540408884.0
5616,1540411240.0
5620,1540477177.0
5625,1540570009.0
5626,1540572467.0
5629,1540580751.0
5630,1540586601.0
5631,1540817702.0
5632,1540818234.0
5634,1540821671.0
5636,1540824314.0
5637,1540825948.0
5639,1540833455.0
5640,1540836073.0
5641,1540847077.0
5642,1540849994.0
5644,1540954518.0
5648,1541075385.0
5649,1541076941.0
5650,1541081205.0
5651,1541092350.0
5652,1541095941.0
5654,1541159579.0
5655,1541169964.0
5656,1541172412.0
5659,1541347916.0
5660,1541444077.0
5661,1541445106.0
5662,1541445625.0
5663,1541449219.0
5664,1541449310.0
5665,1541452542.0
5666,1541514765.0
5667,1541518460.0
5668,1541541960.0
5672,1541627248.0
5673,1541640669.0
5674,1541689558.0
5675,1541701996.0
5677,1541776058.0
5681,1541787761.0
5683,1541802417.0
5686,1542033894.0
5696,1542115937.0
5712,1542139002.0
5713,1542139407.0
5717,1542202250.0
5719,1542207559.0
5720,1542216775.0
5721,1542220629.0
5723,1542295071.0
5726,1542313980.0
5729,1542397290.0
5730,1542400199.0
5734,1542650015.0
5735,1542723378.0
5738,1542743002.0
5739,1542743991.0
5744,1542813925.0
5745,1542844946.0
5746,1542854967.0
5747,1542901354.0
5754,1543270298.0
5755,1543323940.0
5757,1543435889.0
5758,1543443401.0
5759,1543505034.0
5760,1543515347.0
5761,1543517334.0
5766,1543528201.0
5767,1543590560.0
5768,1543591711.0
5769,1543855924.0
5776,1544036567.0
5793,1544107120.0
5794,1544111498.0
5800,1544213405.0
5801,1544221198.0
5802,1544464802.0
5809,1544543877.0
5810,1544543880.0
5835,1544741367.0
5838,1544822915.0
5843,1545082383.0
5851,1545232937.0
5852,1545234186.0
5853,1545234613.0
5860,1545408453.0
5862,1545424898.0
5886,1546442450.0
5887,1546454023.0
5889,1546463320.0
5892,1546532354.0
5894,1546552559.0
5895,1546561500.0
5899,1546957112.0
5900,1546959614.0
5901,1546972828.0
5918,1547074699.0
5919,1547133841.0
5927,1547223977.0
5928,1547241639.0
5929,1547504703.0
5932,1547583130.0
5934,1547654938.0
5935,1547654977.0
5936,1547655112.0
5937,1547655144.0
5939,1547655211.0
5941,1547667216.0
5942,1547672154.0
5943,1547676981.0
5948,1547819267.0
5953,1548105709.0
5954,1548110595.0
5955,1548162316.0
5956,1548181407.0
5957,1548274410.0
5958,1548279115.0
5961,1548434570.0
5962,1548440644.0
5964,1548467593.0
5967,1548694422.0
5971,1548792585.0
5972,1548802017.0
5973,1548859912.0
5974,1548874476.0
5975,1548968421.0
5976,1549027007.0
5977,1549039015.0
5978,1549040747.0
5979,1549049731.0
5981,1549208000.0
5985,1549389719.0
5987,1549422910.0
5988,1549468562.0
5989,1549479223.0
5990,1549488734.0
5991,1549555479.0
5999,1549639747.0
6002,1549912116.0
6006,1549985224.0
6008,1550094964.0
6009,1550095265.0
6010,1550149963.0
6018,1550169581.0
6019,1550169639.0
6020,1550176431.0
6021,1550178018.0
6022,1550179313.0
6023,1550246531.0
6024,1550361507.0
6026,1550709525.0
6033,1550727171.0
6032,1550853505.0
6036,1551129258.0
6037,1551220429.0
6038,1551307172.0
6039,1551382634.0
6040,1551383555.0
6041,1551616000.0
6052,1551797627.0
6061,1551822683.0
6065,1551897643.0
6066,1551899538.0
6069,1551986708.0
6070,1551989128.0
6071,1551989636.0
6072,1551989858.0
6073,1551992430.0
6074,1552002438.0
6082,1552093760.0
6087,1552336954.0
6088,1552399940.0
6089,1552403544.0
6090,1552420164.0
6094,1552489914.0
6106,1552659420.0
6107,1552940165.0
6108,1552994292.0
6109,1553000199.0
6113,1553029828.0
6114,1553086110.0
6115,1553105187.0
6116,1553133829.0
6117,1553175653.0
6118,1553180959.0
6120,1553190036.0
6121,1553190040.0
6124,1553275079.0
6127,1553528018.0
6130,1553605839.0
6147,1553688043.0
6148,1553688390.0
6149,1553710334.0
6156,1553779961.0
6157,1553793134.0
6158,1553806483.0
6159,1553871582.0
6160,1553881398.0
6161,1553881660.0
6162,1553883359.0
6164,1554137624.0
6167,1554258667.0
6168,1554303419.0
6169,1554310116.0
6170,1554334014.0
6173,1554410123.0
6176,1554434315.0
6180,1554756360.0
6181,1554756371.0
6182,1554756379.0
6184,1554823686.0
6187,1554877433.0
6188,1554908669.0
6192,1554926244.0
6193,1554930697.0
6194,1554986120.0
6196,1555072470.0
6197,1555081513.0
6198,1555091806.0
6203,1555337905.0
6204,1555342468.0
6214,1555416898.0
6215,1555418448.0
6216,1555439040.0
6217,1555510339.0
6218,1555511327.0
6219,1555531890.0
6220,1555532635.0
6221,1555544722.0
6222,1555607320.0
6223,1555628421.0
6224,1556024981.0
6225,1556033830.0
6226,1556118092.0
6227,1556121830.0
6230,1556218159.0
6231,1556283571.0
6232,1556289685.0
6235,1556302343.0
6236,1556302727.0
6237,1556305573.0
6238,1556306809.0
6239,1556308108.0
6240,1556322476.0
6243,1556552126.0
6244,1556554392.0
6248,1556637517.0
6251,1556647692.0
6252,1556647723.0
6254,1556806164.0
6256,1556898453.0
6259,1556923002.0
6260,1556964125.0
6261,1557150947.0
6263,1557155942.0
6264,1557236983.0
6265,1557239330.0
6266,1557239356.0
6267,1557240805.0
6271,1557413313.0
6280,1557754456.0
6281,1557765656.0
6283,1557794867.0
6284,1557837376.0
6285,1557838405.0
6288,1557841211.0
6289,1557946081.0
6290,1557951593.0
6291,1557963662.0
6292,1558030778.0
6294,1558100825.0
6296,1558122598.0
6298,1558360618.0
6299,1558391781.0
6303,1558530578.0
6304,1558534713.0
6308,1558622966.0
6309,1558628614.0
6310,1558634253.0
6312,1558705327.0
6314,1558718668.0
6315,1558966099.0
6317,1559050283.0
6323,1559067289.0
6324,1559151249.0
6325,1559151278.0
6327,1559174806.0
6331,1559562347.0
6332,1559573873.0
6333,1559591301.0
6334,1559657276.0
6335,1559661799.0
6336,1559669814.0
6338,1559743285.0
6341,1559760261.0
6342,1559764282.0
6343,1559774939.0
6344,1559835155.0
6347,1559853221.0
6348,1559922908.0
6349,1559929080.0
6351,1560197240.0
6352,1560265164.0
6353,1560273888.0
6358,1560337548.0
6360,1560350154.0
6361,1560355532.0
6368,1560803294.0
6370,1560805041.0
6371,1560862962.0
6372,1560865715.0
6373,1560868804.0
6374,1560871811.0
6375,1560875719.0
6376,1560879607.0
6377,1560977597.0
6378,1560980255.0
6380,1561147493.0
6382,1561381373.0
6385,1561401242.0
6390,1561468455.0
6391,1561494728.0
6392,1561566494.0
6393,1561566923.0
6394,1561569164.0
6399,1561574447.0
6400,1561581434.0
6401,1561599213.0
6407,1561667215.0
6408,1561668712.0
6417,1561752348.0
6418,1561753401.0
6420,1561992954.0
6427,1562164678.0
6428,1562168515.0
6429,1562181051.0
6430,1562253798.0
6433,1562265410.0
6445,1562784312.0
6446,1562853940.0
6447,1562863593.0
6448,1562870251.0
6450,1562875404.0
6453,1562955667.0
6454,1562957339.0
6455,1562969658.0
6458,1563283557.0
6460,1563286177.0
6462,1563305855.0
6463,1563395593.0
6464,1563439144.0
6465,1563457124.0
6467,1563799740.0
6468,1563801022.0
6469,1563804956.0
6470,1563804983.0
6471,1563810090.0
6473,1563811009.0
6474,1563816241.0
6475,1563817348.0
6476,1563876516.0
6477,1563898964.0
6478,1563909331.0
6481,1564051012.0
6486,1564139567.0
6487,1564146097.0
6488,1564165738.0
6489,1564166277.0
6490,1564408150.0
6491,1564411974.0
6498,1564437388.0
6499,1564494132.0
6500,1564500671.0
6503,1564536795.0
6504,1564540730.0
6505,1564661496.0
6506,1564665550.0
6507,1564692625.0
6508,1564692993.0
6509,1564768403.0
6512,1565017690.0
6513,1565104378.0
6515,1565112583.0
6516,1565209595.0
6517,1565258047.0
6518,1565284336.0
6519,1565366698.0
6520,1565382186.0
6521,1565598099.0
6527,1565707457.0
6528,1565721189.0
6529,1565723145.0
6530,1565730469.0
6531,1565780934.0
6534,1565816112.0
6536,1565980207.0
6538,1566095016.0
6539,1566243519.0
6540,1566284563.0
6541,1566309124.0
6542,1566326199.0
6555,1566827789.0
6556,1566846383.0
6557,1566850542.0
6559,1566914117.0
6561,1566916870.0
6562,1566917586.0
6563,1566922067.0
6568,1567027138.0
6571,1567086539.0
6576,1567111444.0
6579,1567402720.0
6583,1567430201.0
6584,1567430262.0
6585,1567430346.0
6586,1567432197.0
6587,1567432862.0
6596,1567602427.0
6597,1567608941.0
6598,1567609138.0
6599,1567609245.0
6600,1567609811.0
6607,1567715749.0
6608,1567729328.0
6610,1567771086.0
6611,1567783859.0
6616,1567796074.0
6618,1567797882.0
6622,1568045447.0
6625,1568133636.0
6627,1568210189.0
6628,1568229783.0
6636,1568725451.0
6640,1568814011.0
6641,1568824451.0
6647,1568988811.0
6648,1568990209.0
6651,1569007987.0
6659,1569253670.0
6663,1569334123.0
6664,1569341163.0
6665,1569349874.0
6666,1569350060.0
6667,1569350732.0
6668,1569362106.0
6673,1569429785.0
6674,1569434030.0
6675,1569434603.0
6679,1569588274.0
6680,1569588911.0
6681,1569603606.0
6682,1569606333.0
6683,1569610060.0
6686,1569852053.0
6687,1569874807.0
6690,1569892521.0
6692,1569937330.0
6695,1570028167.0
6697,1570136956.0
6698,1570195615.0
6699,1570454203.0
6700,1570468327.0
6707,1570590457.0
6708,1570628588.0
6709,1570641559.0
6711,1570654895.0
6712,1570714867.0
6715,1571159308.0
6716,1571166013.0
6724,1571424187.0
6729,1571846472.0
6731,1571927035.0
6732,1571927149.0
6733,1572012752.0
6752,1572380644.0
6754,1572461962.0
6755,1572475804.0
6760,1572540995.0
6764,1572634394.0
6765,1572877903.0
6766,1572881920.0
6770,1572985844.0
6771,1572996551.0
6774,1573078608.0
6777,1573154169.0
6778,1573229913.0
6779,1573240903.0
6783,1573483916.0
6781,1573503206.0
6784,1573568333.0
6787,1573750739.0
6788,1573830857.0
6789,1573847131.0
6791,1574082935.0
6792,1574087394.0
6793,1574104365.0
6794,1574117784.0
6795,1574118159.0
6799,1574197529.0
6800,1574204137.0
6802,1574267115.0
6803,1574278864.0
6809,1574359995.0
6810,1574371498.0
6811,1574374800.0
6812,1574392333.0
6813,1574435460.0
6820,1574793547.0
6821,1574864633.0
6822,1574866291.0
6823,1574871966.0
6824,1574890444.0
6828,1574970484.0
6831,1575046138.0
6832,1575076139.0
6836,1575408952.0
6837,1575467216.0
6838,1575468289.0
6843,1575902517.0
6846,1576010033.0
6857,1576254626.0
6859,1576301293.0
6863,1576513983.0
6868,1576531930.0
6875,1576698381.0
6884,1577211309.0
6885,1577455591.0
6886,1577461299.0
6890,1577996950.0
6892,1578085348.0
6893,1578297430.0
6897,1578508877.0
6899,1578584313.0
6900,1578669468.0
6901,1578669679.0
6902,1579009622.0
6904,1579014071.0
6907,1579097716.0
6908,1579133145.0
6910,1579169882.0
6912,1579264071.0
6914,1579277731.0
6915,1579277791.0
6916,1579280746.0
6917,1579283316.0
6918,1579286569.0
6919,1579295512.0
6921,1579536054.0
6922,1579618022.0
6923,1579695710.0
6924,1579710002.0
6925,1579721614.0
6926,1579723210.0
6931,1579887320.0
6932,1579903437.0
6934,1580160607.0
6941,1580350872.0
6942,1580351196.0
6943,1580401392.0
6946,1580504650.0
6948,1580744627.0
6949,1580748900.0
6952,1580960039.0
6953,1581006796.0
6954,1581009467.0
6958,1581090488.0
6961,1581513250.0
6962,1581519532.0
6963,1581538508.0
6964,1581540378.0
6965,1581599774.0
6967,1581629947.0
6968,1581698185.0
6970,1581965681.0
6972,1582040614.0
6973,1582060756.0
6974,1582128888.0
6975,1582129420.0
6976,1582145624.0
6977,1582642871.0
6979,1582731855.0
6981,1582750959.0
6982,1582767019.0
6984,1582900468.0
6985,1582904487.0
6986,1582905449.0
6987,1582906822.0
6988,1583164362.0
6989,1583184921.0
6990,1583249744.0
6991,1583254246.0
6992,1583259669.0
6994,1583335069.0
6995,1583349731.0
6997,1583358646.0
6998,1583420821.0
6999,1583424399.0
7005,1583781647.0
7006,1583933049.0
7010,1584023617.0
7011,1584049837.0
7014,1584397457.0
7016,1584452895.0
7019,1584478867.0
7020,1584512501.0
7022,1584630022.0
7023,1584639356.0
7029,1584710996.0
7031,1584721300.0
7037,1584979874.0
7042,1584986019.0
7043,1584986393.0
7044,1584992493.0
7045,1584992983.0
7046,1584993415.0
7048,1585085326.0
7049,1585157720.0
7050,1585160542.0
7052,1585189855.0
7055,1585337668.0
7059,1585588367.0
7063,1585766416.0
7066,1585793334.0
7070,1585847021.0
7071,1585851334.0
7072,1585855545.0
7079,1585948148.0
7082,1586181899.0
7087,1586271752.0
7088,1586272498.0
7095,1586517175.0
7096,1586535835.0
7099,1586869373.0
7100,1586875681.0
7103,1586971396.0
7105,1586994727.0
7115,1587130481.0
7117,1587145214.0
7122,1587386338.0
7129,1587404355.0
7142,1587561301.0
7146,1587647564.0
7147,1587658902.0
7149,1587693482.0
7154,1588098112.0
7161,1588181068.0
7166,1588245018.0
7167,1588256270.0
7169,1588629413.0
7171,1588638399.0
7172,1588639291.0
7176,1588789164.0
7178,1589201263.0
7180,1589211504.0
7181,1589219767.0
7190,1589340623.0
7191,1589375561.0
7195,1589394146.0
7196,1589399135.0
7197,1589456637.0
7202,1589490035.0
7203,1589540037.0
7208,1589811231.0
7209,1589828372.0
7212,1589830044.0
7213,1589834444.0
7215,1589893352.0
7216,1589920917.0
7217,1589931976.0
7219,1589998676.0
7220,1589998919.0
7221,1590169256.0
7222,1590194603.0
7223,1590435363.0
7225,1590502796.0
7227,1590532908.0
7228,1590600960.0
7229,1590602411.0
7232,1590757468.0
7234,1590776223.0
7236,1590779675.0
7238,1591035293.0
7239,1591112106.0
7240,1591122355.0
7244,1591210365.0
7247,1591280465.0
7250,1591308313.0
7251,1591365097.0
7254,1591388542.0
7256,1591630636.0
7258,1591704110.0
7259,1591716486.0
7261,1591758009.0
7275,1591964575.0
7276,1591966286.0
7277,1591970020.0
7278,1591982938.0
7282,1592220391.0
7284,1592252976.0
7285,1592311956.0
7286,1592333501.0
7288,1592351521.0
7292,1592408470.0
7293,1592421308.0
7295,1592506813.0
7297,1592562959.0
7299,1592595419.0
7300,1592598294.0
7303,1592878823.0
7304,1592879782.0
7305,1592920587.0
7306,1592921374.0
7307,1592932372.0
7310,1592997021.0
7313,1593089502.0
7314,1593175299.0
7315,1593192289.0
7319,1593467312.0
7320,1593512128.0
7322,1593526339.0
7323,1593608182.0
7325,1593625505.0
7326,1593628592.0
7327,1593632444.0
7330,1593713323.0
7331,1593713571.0
7335,1593791512.0
7338,1594058391.0
7341,1594123061.0
7342,1594131098.0
7344,1594137213.0
7349,1594300750.0
7351,1594305355.0
7353,1594322347.0
7357,1594404653.0
7360,1594650824.0
7361,1594683128.0
7363,1594897539.0
7364,1594903538.0
7365,1594919855.0
7366,1594978480.0
7367,1595256501.0
7369,1595272461.0
7370,1595332683.0
7371,1595336285.0
7372,1595337728.0
7373,1595338915.0
7375,1595355449.0
7377,1595497897.0
7378,1595504524.0
7379,1595513840.0
7380,1595526019.0
7383,1595629906.0
7384,1595846294.0
7386,1595862883.0
7391,1595876008.0
7397,1595883052.0
7398,1595952876.0
7401,1596127765.0
7403,1596134562.0
7402,1596136158.0
7404,1596142573.0
7406,1596219622.0
7408,1596226405.0
7409,1596226663.0
7413,1596482367.0
7414,1596483248.0
7418,1596714674.0
7419,1597410083.0
7420,1597703393.0
7422,1598265606.0
7424,1598449078.0
7427,1598554249.0
7429,1599048495.0
7430,1599059038.0
7432,1599157002.0
7433,1599157267.0
7434,1599157448.0
7436,1599504175.0
7437,1599562678.0
7443,1599604258.0
7444,1599660802.0
7445,1599672313.0
7447,1599832728.0
7450,1600085695.0
7452,1600094401.0
7454,1600140088.0
7464,1600353072.0
7465,1600353095.0
7466,1600353739.0
7467,1600354046.0
7469,1600364413.0
7473,1600373341.0
7474,1600429650.0
7475,1600447955.0
7478,1600476743.0
7481,1600698058.0
7486,1600719086.0
7487,1600719826.0
7494,1600976299.0
7496,1601034838.0
7508,1601055551.0
7509,1601295304.0
7511,1601300482.0
7512,1601303444.0
7513,1601312303.0
7515,1601322987.0
7516,1601323779.0
7517,1601325357.0
7521,1601379175.0
7522,1601381689.0
7523,1601386028.0
7524,1601387690.0
7527,1601394597.0
7528,1601482906.0
7533,1601503212.0
7534,1601561601.0
7538,1601647895.0
7544,1601919271.0
