1034
1199
1221
1288
1299
1303
1309
1313
1329
1340
1343
1344
1347
1356
1359
1363
1373
1378
1382
1383
1388
1391
1392
1393
1396
1397
1401
1407
1414
1416
1419
1428
1432
1433
1435
1442
1445
1446
1448
1449
1453
1460
1463
1465
1467
1469
1477
1482
1484
1486
1487
1489
1490
1492
1493
1500
1507
1508
1512
1513
1516
1517
1521
1524
1525
1527
1531
1533
1534
1537
1541
1542
1543
1546
1550
1552
1557
1558
1559
1560
1562
1563
1567
1568
1569
1570
1572
1574
1575
1579
1583
1585
1591
1594
1595
1596
1597
1601
1602
1603
1604
1605
1606
1607
1609
1610
1615
1616
1624
1625
1626
1628
1635
1636
1637
1638
1639
1640
1641
1642
1643
1644
1645
1647
1648
1649
1651
1652
1653
1655
1656
1658
1659
1662
1664
1666
1668
1669
1670
1672
1673
1677
1683
1684
1685
1694
1695
1704
1705
1706
1709
1714
1715
1716
1719
1720
1721
1723
1724
1725
1727
1728
1729
1730
1731
1732
1737
1738
1739
1741
1751
1760
1761
1762
1766
1948
2144
239
346
347
498
523
565
566
630
729
740
808