20,1332550922.0
37,1332550986.0
73,1332551123.0
74,1332551127.0
83,1332551161.0
88,1332551183.0
91,1332551196.0
96,1332551219.0
97,1332819844.0
98,1332868088.0
99,1333019648.0
101,1333350316.0
102,1333373817.0
104,1333471217.0
108,1333532859.0
110,1333570898.0
114,1333733349.0
117,1333971979.0
119,1334117385.0
127,1334689594.0
128,1334710741.0
131,1334758130.0
132,1334824136.0
135,1335438201.0
136,1335531644.0
140,1335901413.0
146,1336405672.0
149,1336527046.0
152,1336588510.0
158,1336738372.0
160,1336764471.0
161,1336785183.0
166,1337256258.0
168,1337623068.0
174,1338300451.0
176,1338412988.0
177,1338461695.0
178,1338489331.0
181,1339072912.0
182,1339181552.0
183,1339216390.0
185,1339420543.0
186,1339496988.0
187,1339622544.0
188,1339627804.0
189,1339678971.0
192,1340218211.0
194,1340300863.0
195,1340678574.0
196,1340813186.0
204,1341537609.0
210,1342260783.0
211,1342569443.0
214,1342764790.0
217,1343210539.0
220,1343649786.0
223,1343822758.0
228,1343997274.0
230,1344181334.0
233,1344345202.0
235,1344529939.0
238,1344726497.0
247,1345162594.0
252,1345853257.0
254,1346277323.0
255,1346289086.0
256,1346330643.0
258,1346336231.0
259,1346445888.0
262,1346793156.0
266,1346974834.0
267,1347030070.0
268,1347274932.0
269,1347294698.0
274,1347928025.0
276,1348095742.0
277,1348096169.0
280,1348253654.0
288,1348604964.0
291,1348678844.0
292,1348746217.0
299,1349785533.0
300,1349786144.0
301,1349786340.0
302,1349786382.0
304,1349986069.0
305,1349991095.0
306,1350153702.0
308,1350216226.0
310,1350506159.0
312,1350622674.0
313,1350643839.0
314,1350644019.0
315,1350644440.0
316,1350644773.0
317,1350644885.0
319,1350692401.0
322,1350804069.0
329,1350944913.0
339,1351456737.0
341,1351862752.0
359,1353440877.0
362,1353962410.0
363,1353962729.0
364,1353969429.0
365,1353975403.0
366,1354037437.0
368,1354694601.0
369,1354819895.0
373,1355326035.0
374,1355339462.0
378,1355472915.0
379,1355703407.0
381,1355849057.0
382,1355856272.0
384,1355864158.0
386,1356009129.0
387,1356014310.0
390,1356577337.0
391,1357221105.0
392,1357290776.0
397,1357830188.0
399,1357839431.0
402,1358542617.0
405,1359149627.0
415,1359600420.0
417,1360085562.0
425,1361482040.0
430,1362318798.0
431,1362508320.0
432,1362535477.0
433,1362688488.0
434,1362691579.0
441,1363041535.0
442,1363314169.0
450,1364058624.0
452,1364877258.0
455,1365252077.0
461,1365772974.0
462,1366167491.0
470,1367265511.0
471,1367343659.0
473,1367454556.0
474,1367594082.0
478,1368472191.0
487,1369531316.0
488,1369716405.0
490,1369750422.0
491,1369942171.0
493,1370263498.0
494,1370350470.0
495,1370350727.0
497,1370450114.0
499,1370649288.0
501,1370935269.0
503,1371060401.0
504,1371092828.0
506,1371229718.0
510,1371717621.0
514,1372064770.0
516,1372288320.0
522,1372354569.0
530,1372447528.0
535,1372698043.0
537,1372727231.0
538,1372727275.0
542,1372871068.0
543,1372891607.0
545,1372961852.0
547,1373114880.0
553,1373395522.0
555,1373478756.0
566,1374055384.0
568,1374069355.0
572,1374234184.0
573,1374252245.0
575,1374322147.0
576,1374329190.0
579,1374506832.0
583,1374547494.0
584,1374551847.0
586,1374606495.0
590,1374751908.0
594,1374774827.0
596,1374784432.0
597,1374797426.0
599,1374842447.0
600,1374845792.0
613,1375229123.0
614,1375272587.0
617,1375291327.0
619,1375352903.0
620,1375365575.0
642,1375800136.0
650,1375976432.0
652,1376017311.0
654,1376058123.0
656,1376233789.0
657,1376235225.0
659,1376298920.0
670,1376449139.0
678,1376523386.0
683,1376574834.0
685,1376587720.0
703,1376684172.0
706,1376756358.0
724,1377006548.0
725,1377007053.0
726,1377008564.0
752,1377248711.0
756,1377252881.0
764,1377272035.0
768,1377274278.0
776,1377285549.0
788,1377529406.0
792,1377533586.0
793,1377535688.0
795,1377563923.0
800,1377599062.0
812,1377646670.0
816,1377652979.0
821,1377706090.0
829,1377803745.0
837,1377948332.0
844,1378114468.0
850,1378233586.0
859,1378387261.0
863,1378400511.0
877,1378921462.0
878,1378931834.0
885,1379003599.0
887,1379008382.0
888,1379010622.0
891,1379118155.0
913,1379454828.0
917,1379517510.0
923,1380059542.0
924,1380060643.0
925,1380159612.0
927,1380171633.0
929,1380225653.0
930,1380280013.0
938,1380663691.0
950,1380962119.0
954,1381045250.0
955,1381131920.0
962,1381255509.0
978,1381519684.0
988,1381967341.0
989,1382007683.0
991,1382010959.0
993,1382037089.0
996,1382126859.0
1007,1382442820.0
1012,1382468609.0
1016,1382539351.0
1019,1382601212.0
1022,1382632682.0
1024,1382637130.0
1039,1382708142.0
1056,1383001801.0
1067,1383110693.0
1070,1383150269.0
1076,1383183856.0
1080,1383220944.0
1086,1383248899.0
1087,1383250251.0
1096,1383404496.0
1142,1384294646.0
1147,1384362867.0
1162,1384807947.0
1165,1384869952.0
1178,1384947094.0
1181,1385019966.0
1182,1385042583.0
1185,1385056949.0
1186,1385059832.0
1214,1385138237.0
1224,1385271038.0
1238,1385479836.0
1253,1385499762.0
1254,1385552796.0
1265,1385598541.0
1267,1385634949.0
1276,1385657466.0
1282,1385667022.0
1292,1385937644.0
1294,1385992620.0
1317,1386092088.0
1319,1386096237.0
1330,1386292650.0
1331,1386346853.0
1333,1386359472.0
1334,1386359518.0
1348,1386637767.0
1349,1386648078.0
1362,1386790596.0
1394,1387287311.0
1401,1387343471.0
1402,1387352597.0
1404,1387375678.0
1412,1387441002.0
1428,1387495612.0
1430,1387499442.0
1435,1387542993.0
1444,1387730159.0
1489,1388689677.0
1501,1388774068.0
1503,1388785070.0
1504,1388864460.0
1514,1389020058.0
1524,1389150295.0
1548,1389327525.0
1551,1389470235.0
1559,1389789667.0
1570,1389882497.0
1576,1389915315.0
1592,1390332193.0
1593,1390333041.0
1595,1390354227.0
1622,1390589278.0
1644,1390928508.0
1667,1391023023.0
1669,1391041012.0
1676,1391113995.0
1679,1391175365.0
1685,1391207848.0
1687,1391224001.0
1688,1391254285.0
1691,1391270666.0
1693,1391284787.0
1727,1391739445.0
1736,1392018834.0
1745,1392117301.0
1760,1392172944.0
1761,1392174382.0
1764,1392245425.0
1770,1392323396.0
1783,1392428450.0
1795,1392695408.0
1815,1392849980.0
1816,1392851902.0
1823,1392897934.0
1829,1393001772.0
1836,1393087863.0
1840,1393102297.0
1847,1393175224.0
1854,1393293587.0
1861,1393370776.0
1863,1393386941.0
1879,1393518713.0
1880,1393519376.0
1882,1393534996.0
1896,1393650597.0
1897,1393652053.0
1905,1393904947.0
1907,1393940926.0
1933,1394126506.0
1936,1394155937.0
1937,1394162994.0
1940,1394204818.0
1941,1394211503.0
1949,1394222562.0
1951,1394258347.0
1957,1394417222.0
2001,1394718330.0
2009,1394735400.0
2013,1394758949.0
2024,1394822959.0
2025,1394827323.0
2037,1395142399.0
2039,1395147629.0
2051,1395164583.0
2064,1395260042.0
2065,1395281821.0
2095,1395440664.0
2096,1395455199.0
2105,1395675478.0
2112,1395695039.0
2117,1395764338.0
2127,1395838517.0
2128,1395838892.0
2137,1395869428.0
2138,1395873961.0
2139,1395886242.0
2154,1396015689.0
2158,1396042373.0
2163,1396280016.0
2172,1396340142.0
2173,1396351526.0
2185,1396377091.0
2187,1396432434.0
2217,1396566502.0
2233,1396866584.0
2244,1396897421.0
2251,1397001620.0
2253,1397049400.0
2254,1397061186.0
2255,1397061766.0
2259,1397074980.0
2260,1397086654.0
2272,1397174185.0
2273,1397216796.0
2283,1397487775.0
2287,1397511499.0
2288,1397556330.0
2303,1397657205.0
2310,1397756385.0
2323,1398119280.0
2324,1398121141.0
2335,1398274778.0
2343,1398356380.0
2348,1398447304.0
2354,1398639619.0
2358,1398733117.0
2359,1398736130.0
2363,1398782269.0
2369,1398808096.0
2377,1398877152.0
2382,1399059500.0
2395,1399390708.0
2396,1399394232.0
2401,1399461418.0
2404,1399475284.0
2409,1399556701.0
2410,1399560304.0
2411,1399562506.0
2414,1399583428.0
2415,1399588621.0
2417,1399613854.0
2429,1399674364.0
2433,1399900803.0
2434,1399906508.0
2436,1399910613.0
2438,1399913963.0
2440,1399918999.0
2442,1399926313.0
2445,1399987809.0
2450,1400016446.0
2454,1400085494.0
2472,1400192165.0
2480,1400250759.0
2483,1400262879.0
2487,1400350411.0
2489,1400479835.0
2505,1400629880.0
2508,1400652212.0
2509,1400667460.0
2513,1400683596.0
2514,1400683880.0
2516,1400684255.0
2522,1400698709.0
2527,1400703716.0
2530,1400727343.0
2531,1400743810.0
2532,1400757309.0
2539,1400832816.0
2541,1400841767.0
2542,1400846342.0
2545,1400857794.0
2547,1400886701.0
2565,1401188726.0
2569,1401201530.0
2570,1401202125.0
2577,1401362733.0
2581,1401380794.0
2582,1401452708.0
2585,1401454734.0
2587,1401464378.0
2588,1401465547.0
2593,1401497455.0
2596,1401692773.0
2602,1401789586.0
2606,1401807987.0
2607,1401808886.0
2609,1401878104.0
2611,1401883389.0
2613,1401901906.0
2614,1401902735.0
2615,1401926750.0
2616,1401927943.0
2617,1401947649.0
2618,1401949760.0
2633,1402055667.0
2650,1402327934.0
2659,1402355920.0
2666,1402406479.0
2669,1402413612.0
2670,1402415018.0
2685,1402495574.0
2691,1402499245.0
2692,1402499691.0
2701,1402525525.0
2703,1402556386.0
2705,1402583441.0
2721,1402712477.0
2740,1403023326.0
2747,1403045860.0
2750,1403090329.0
2752,1403096663.0
2754,1403105392.0
2759,1403155268.0
2766,1403192174.0
2775,1403268510.0
2785,1403289766.0
2805,1403564687.0
2810,1403614308.0
2817,1403626422.0
2818,1403627100.0
2822,1403698450.0
2829,1403736402.0
2833,1403803674.0
2838,1403830570.0
2842,1403885804.0
2850,1403988360.0
2859,1404170467.0
2861,1404203341.0
2876,1404303267.0
2887,1404338481.0
2898,1404403689.0
2902,1404471384.0
2913,1404489392.0
2919,1404658454.0
2930,1404822186.0
2936,1404825345.0
2937,1404825400.0
2946,1404840743.0
2956,1404925117.0
2969,1405005130.0
2971,1405005725.0
2982,1405049507.0
2985,1405080054.0
2986,1405081063.0
2995,1405096511.0
2999,1405104658.0
3001,1405124409.0
3004,1405361588.0
3008,1405409695.0
3014,1405683688.0
3018,1405685995.0
3023,1405699724.0
3025,1405712732.0
3033,1405948134.0
3038,1405968597.0
3047,1406050401.0
3049,1406112276.0
3062,1406126642.0
3071,1406207587.0
3078,1406249444.0
3082,1406293824.0
3083,1406299638.0
3089,1406315089.0
3090,1406383027.0
3091,1406547323.0
3093,1406566797.0
3101,1406629539.0
3105,1406717485.0
3119,1406830662.0
3120,1406831019.0
3122,1406884930.0
3130,1406904014.0
3132,1406923467.0
3133,1406928044.0
3152,1407265267.0
3169,1407341973.0
3178,1407347307.0
3182,1407355669.0
3191,1407419456.0
3195,1407432106.0
3196,1407435638.0
3198,1407437418.0
3206,1407505593.0
3209,1407511485.0
3222,1407756597.0
3229,1407779218.0
3244,1407883190.0
3246,1407917566.0
3247,1407927165.0
3249,1407942477.0
3256,1407983607.0
3257,1408009992.0
3271,1408077938.0
3282,1408123049.0
3291,1408373172.0
3308,1408415321.0
3313,1408451908.0
3317,1408464931.0
3321,1408477045.0
3330,1408544476.0
3338,1408567169.0
3345,1408627519.0
3350,1408637893.0
3360,1408713955.0
3362,1408715824.0
3384,1408991586.0
3395,1409084148.0
3397,1409095137.0
3406,1409150248.0
3407,1409165580.0
3432,1409249002.0
3454,1409493817.0
3473,1409677833.0
3482,1409683867.0
3497,1409832599.0
3501,1409839180.0
3510,1409916180.0
3515,1409937011.0
3526,1410175464.0
3528,1410192454.0
3532,1410279257.0
3537,1410348585.0
3542,1410372763.0
3545,1410432442.0
3563,1410808994.0
3569,1410864330.0
3577,1410887496.0
3579,1410925960.0
3597,1411060613.0
3602,1411094397.0
3603,1411120665.0
3607,1411141542.0
3614,1411353346.0
3615,1411384873.0
3633,1411414427.0
3635,1411431863.0
3666,1411579818.0
3668,1411598081.0
3669,1411605592.0
3679,1411650140.0
3680,1411650668.0
3681,1411651252.0
3682,1411654512.0
3688,1411660697.0
3693,1411715032.0
3694,1411715187.0
3704,1411751999.0
3710,1411766862.0
3718,1411987695.0
3732,1412080486.0
3734,1412087004.0
3742,1412098187.0
3750,1412166539.0
3752,1412183853.0
3755,1412258738.0
3761,1412459251.0
3769,1412591573.0
3789,1412769256.0
3799,1412800118.0
3800,1412851783.0
3801,1412852781.0
3806,1412868988.0
3807,1412873929.0
3812,1412876934.0
3824,1412962901.0
3829,1412973745.0
3830,1412980414.0
3842,1413285608.0
3843,1413288956.0
3847,1413299786.0
3856,1413371067.0
3857,1413374334.0
3863,1413458126.0
3865,1413485238.0
3873,1413547223.0
3874,1413561191.0
3892,1413814347.0
3907,1413994557.0
3920,1414163216.0
3923,1414417988.0
3927,1414431488.0
3931,1414473923.0
3932,1414474455.0
3941,1414628373.0
3942,1414664363.0
3943,1414665427.0
3951,1414699971.0
3952,1414756134.0
3969,1415001487.0
3978,1415036316.0
3983,1415040948.0
3990,1415056554.0
3992,1415065302.0
3995,1415101722.0
3997,1415106215.0
4001,1415115365.0
4009,1415196658.0
4016,1415248727.0
4017,1415281701.0
4019,1415307346.0
4022,1415320458.0
4025,1415341325.0
4029,1415372405.0
4037,1415399233.0
4048,1415644688.0
4054,1415654175.0
4057,1415714254.0
4061,1415718460.0
4066,1415745404.0
4075,1415815089.0
4080,1415887277.0
4089,1415986533.0
4113,1416405090.0
4117,1416409388.0
4123,1416423843.0
4124,1416426517.0
4144,1416623233.0
4160,1416928610.0
4173,1417023425.0
4186,1417194827.0
4190,1417209188.0
4192,1417370742.0
4205,1417525620.0
4215,1417543091.0
4229,1417706551.0
4238,1417803652.0
4244,1417859958.0
4251,1418060759.0
4254,1418062465.0
4256,1418072474.0
4278,1418241897.0
4281,1418249833.0
4293,1418393690.0
4294,1418394554.0
4315,1418691788.0
4318,1418751653.0
4327,1418935897.0
4331,1419007089.0
4335,1419024721.0
4338,1419081065.0
4341,1419253795.0
4348,1419263984.0
4349,1419292918.0
4354,1419348010.0
4359,1419439789.0
4360,1419444663.0
4364,1419452861.0
4372,1420028399.0
4373,1420040783.0
4374,1420194529.0
4382,1420485853.0
4415,1421247847.0
4416,1421265898.0
4420,1421344455.0
4423,1421400512.0
4429,1421555141.0
4432,1421637953.0
4445,1421695667.0
4447,1421745288.0
4448,1421750953.0
4456,1421783920.0
4458,1421847002.0
4483,1422299087.0
4497,1422474801.0
4506,1422584515.0
4519,1422890204.0
4525,1422993767.0
4533,1423073831.0
4557,1423400947.0
4562,1423510242.0
4571,1423599991.0
4574,1423604880.0
4590,1423681076.0
4592,1423683771.0
4603,1423713584.0
4609,1423762013.0
4616,1423773078.0
4617,1423774112.0
4618,1423776243.0
4623,1423890301.0
4627,1424185406.0
4631,1424203599.0
4632,1424206043.0
4635,1424265634.0
4641,1424350624.0
4642,1424351031.0
4644,1424359979.0
4653,1424486058.0
4660,1424718999.0
4666,1424806052.0
4667,1424807997.0
4670,1424812927.0
4671,1424819808.0
4676,1424883446.0
4677,1424883528.0
4687,1424967064.0
4692,1425047281.0
4693,1425047301.0
4709,1425344174.0
4721,1425476580.0
4731,1425492784.0
4733,1425496338.0
4738,1425521673.0
4753,1425654132.0
4757,1425670471.0
4758,1425670570.0
4767,1425725264.0
4774,1425927430.0
4775,1425943453.0
4782,1426034751.0
4783,1426035080.0
4812,1426526695.0
4826,1426626786.0
4835,1426739742.0
4841,1426795553.0
4849,1426879225.0
4855,1427016865.0
4863,1427124890.0
4874,1427159298.0
4878,1427200664.0
4885,1427231041.0
4888,1427240896.0
4895,1427291928.0
4896,1427297688.0
4908,1427395493.0
4910,1427401553.0
4911,1427408842.0
4943,1427717897.0
4957,1427806896.0
4958,1427817023.0
4960,1427824324.0
4966,1427897064.0
4967,1427899494.0
4969,1427909299.0
4978,1427981122.0
4981,1427984060.0
4987,1428085369.0
4990,1428179820.0
5001,1428327688.0
5002,1428328496.0
5010,1428399255.0
5041,1428800844.0
5054,1429004491.0
5069,1429111846.0
5072,1429123404.0
5104,1429531490.0
5106,1429532869.0
5118,1429568408.0
5133,1429651789.0
5148,1429737773.0
5157,1429811138.0
5158,1429834397.0
5180,1430148860.0
5186,1430179651.0
5188,1430184018.0
5210,1430376322.0
5211,1430389214.0
5225,1430702797.0
5229,1430748585.0
5230,1430752548.0
5242,1430857794.0
5253,1430943757.0
5260,1431016456.0
5261,1431017971.0
5265,1431036284.0
5273,1431122642.0
5274,1431124745.0
5283,1431373047.0
5305,1431626683.0
5324,1431967658.0
5333,1432141533.0
5338,1432150828.0
5339,1432152056.0
5341,1432212018.0
5349,1432285825.0
5355,1432305306.0
5368,1432575284.0
5386,1432747206.0
5389,1432748468.0
5391,1432755472.0
5400,1432829237.0
5401,1432829324.0
5430,1433262991.0
5468,1433803770.0
5485,1433910656.0
5490,1434133212.0
5508,1434469926.0
5516,1434540442.0
5518,1434542267.0
5526,1434564911.0
5527,1434570014.0
5531,1434629065.0
5551,1434975564.0
5554,1434992242.0
5555,1434993596.0
5564,1435067160.0
5591,1435243530.0
5592,1435247084.0
5598,1435288735.0
5617,1435429638.0
5618,1435449494.0
5634,1435698812.0
5635,1435704573.0
5636,1435724862.0
5641,1435768603.0
5648,1435852660.0
5653,1435937151.0
5660,1436211316.0
5694,1436792833.0
5729,1437167525.0
5733,1437236178.0
5734,1437238861.0
5746,1437410298.0
5747,1437416440.0
5769,1437596301.0
5770,1437638454.0
5771,1437639476.0
5775,1437719607.0
5777,1437737463.0
5798,1438080563.0
5806,1438102017.0
5807,1438105054.0
5809,1438125142.0
5815,1438177696.0
5818,1438226578.0
5823,1438273828.0
5854,1438704381.0
5857,1438710049.0
5865,1438789378.0
5870,1438866882.0
5871,1438867651.0
5880,1438912860.0
5893,1438996580.0
5920,1439302749.0
5923,1439310372.0
5940,1439402812.0
5941,1439404007.0
6006,1439987367.0
6010,1439997736.0
6040,1440203763.0
6052,1440519288.0
6061,1440600757.0
6064,1440606514.0
6074,1440715516.0
6098,1441024794.0
6102,1441090410.0
6104,1441120003.0
6123,1441302336.0
6124,1441304270.0
6129,1441380560.0
6144,1441648071.0
6150,1441706368.0
6151,1441709225.0
6152,1441711775.0
6156,1441723668.0
6168,1441894139.0
6174,1441901703.0
6188,1442020905.0
6199,1442231904.0
6219,1442323882.0
6221,1442325134.0
6223,1442342972.0
6227,1442419187.0
6242,1442538708.0
6243,1442539291.0
6244,1442545907.0
6246,1442565557.0
6247,1442575438.0
6248,1442575740.0
6250,1442578526.0
6257,1442604057.0
6259,1442611384.0
6273,1442923454.0
6276,1442976942.0
6280,1443018217.0
6283,1443055684.0
6294,1443356173.0
6305,1443480505.0
6307,1443532100.0
6314,1443551076.0
6315,1443553891.0
6318,1443580043.0
6328,1443630079.0
6335,1443675460.0
6336,1443693856.0
6339,1443703706.0
6344,1443725227.0
6363,1443915593.0
6390,1444157828.0
6396,1444235192.0
6411,1444394580.0
6418,1444428833.0
6419,1444440917.0
6420,1444490125.0
6439,1444737524.0
6442,1444743926.0
6454,1444826590.0
6455,1444830249.0
6467,1444914441.0
6470,1444925326.0
6474,1444988218.0
6477,1445005113.0
6517,1445356380.0
6520,1445376372.0
6534,1445452426.0
6536,1445455070.0
6537,1445455298.0
6538,1445456640.0
6539,1445469807.0
6570,1445898358.0
6578,1445957665.0
6582,1445968033.0
6583,1445973060.0
6588,1446031896.0
6605,1446213284.0
6615,1446235084.0
6628,1446489824.0
6633,1446563065.0
6676,1446831180.0
6683,1446860683.0
6684,1446863194.0
6697,1447164668.0
6731,1447435277.0
6743,1447680594.0
6751,1447705050.0
6754,1447767373.0
6759,1447776778.0
6760,1447777321.0
6766,1447856183.0
6770,1447867749.0
6778,1447891754.0
6784,1447959837.0
6787,1447962031.0
6800,1448030393.0
6802,1448041327.0
6821,1448288202.0
6829,1448302781.0
6830,1448304981.0
6832,1448307529.0
6840,1448315505.0
6853,1448387891.0
6858,1448458039.0
6866,1448478177.0
6875,1448544366.0
6906,1448685463.0
6911,1448892585.0
6927,1448930664.0
6933,1448986455.0
6944,1449017443.0
6945,1449025933.0
6946,1449052289.0
6968,1449090044.0
6972,1449150573.0
6983,1449179653.0
6985,1449184825.0
6987,1449247525.0
7001,1449493047.0
7007,1449498619.0
7016,1449512772.0
7019,1449531555.0
7033,1449666496.0
7035,1449692044.0
7039,1449721356.0
7040,1449745113.0
7048,1449774614.0
7051,1449794602.0
7057,1449861101.0
7073,1450177862.0
7078,1450263006.0
7082,1450283081.0
7090,1450361258.0
7098,1450384620.0
7100,1450389898.0
7101,1450390032.0
7109,1450450066.0
7114,1450467408.0
7119,1450477142.0
7148,1450808689.0
7170,1450980188.0
7177,1450993392.0
7198,1451311811.0
7208,1451423241.0
7214,1451503091.0
7220,1451580103.0
7230,1451713342.0
7236,1451918280.0
7240,1451935504.0
7241,1451948477.0
7246,1451983775.0
7257,1452047181.0
7266,1452191571.0
7268,1452199392.0
7280,1452282998.0
7290,1452539447.0
7291,1452540115.0
7292,1452546401.0
7298,1452618868.0
7299,1452623210.0
7300,1452628294.0
7302,1452691484.0
7312,1452709671.0
7315,1452715173.0
7317,1452726048.0
7318,1452729947.0
7329,1452817037.0
7341,1452965516.0
7342,1453058415.0
7353,1453145969.0
7354,1453147206.0
7364,1453235537.0
7389,1453492161.0
7403,1453829319.0
7414,1453958424.0
7429,1454107708.0
7430,1454107876.0
7431,1454129014.0
7433,1454286803.0
7435,1454337878.0
7438,1454353968.0
7442,1454380391.0
7451,1454478671.0
7462,1454606323.0
7464,1454629922.0
7467,1454681635.0
7475,1454769711.0
7499,1455055569.0
7501,1455092290.0
7507,1455217673.0
7520,1455553435.0
7523,1455573689.0
7524,1455585647.0
7535,1455718267.0
7545,1455816059.0
7548,1455821825.0
7567,1456151985.0
7583,1456258143.0
7586,1456273034.0
7587,1456280038.0
7588,1456299059.0
7590,1456324008.0
7599,1456364555.0
7606,1456423085.0
7611,1456438481.0
7616,1456535938.0
7617,1456669601.0
7634,1456846818.0
7687,1457427834.0
7689,1457459425.0
7697,1457528772.0
7715,1457618029.0
7742,1457941920.0
7749,1457975687.0
7762,1458069251.0
7772,1458184227.0
7785,1458321131.0
7786,1458332856.0
7788,1458339442.0
7810,1458645259.0
7832,1458865813.0
7851,1459141869.0
7860,1459260155.0
7862,1459273175.0
7868,1459344832.0
7895,1459534933.0
7910,1459870568.0
7926,1460051496.0
7943,1460482841.0
7947,1460490891.0
7963,1460976181.0
7974,1461019105.0
7978,1461057493.0
7987,1461097661.0
7991,1461168228.0
8000,1461400179.0
8024,1461716967.0
8033,1461788609.0
8070,1462222011.0
8073,1462279085.0
8113,1462541759.0
8127,1462715995.0
8128,1462785804.0
8129,1462786496.0
8148,1462991297.0
8149,1462995678.0
8169,1463148098.0
8174,1463164991.0
8186,1463400653.0
8196,1463491594.0
8217,1463694500.0
8219,1463755640.0
8223,1463957910.0
8238,1464108515.0
8246,1464191637.0
8248,1464196139.0
8258,1464286193.0
8261,1464346439.0
8271,1464611592.0
8298,1464893821.0
8328,1465221242.0
8346,1465403526.0
8352,1465472136.0
8364,1465601673.0
8365,1465727135.0
8385,1466000152.0
8425,1466446073.0
8445,1466696766.0
8463,1467138758.0
8480,1467286576.0
8481,1467293744.0
8483,1467296447.0
8492,1467641867.0
8500,1467879042.0
8523,1468511910.0
8527,1468548435.0
8531,1468598865.0
8535,1468615340.0
8540,1468862097.0
8546,1468925578.0
8549,1468934598.0
8560,1469060282.0
8573,1469194201.0
8578,1469440470.0
8628,1469995706.0
8647,1470141509.0
8648,1470142450.0
8651,1470152780.0
8652,1470152924.0
8696,1470847366.0
8705,1470942691.0
8712,1471032709.0
8713,1471171189.0
8721,1471279206.0
8730,1471378739.0
8731,1471421635.0
8733,1471442513.0
8734,1471444384.0
8736,1471449050.0
8743,1471546773.0
8746,1471555313.0
8755,1471805776.0
8777,1472120497.0
8780,1472131396.0
8799,1472318913.0
8801,1472436945.0
8804,1472501397.0
8808,1472582582.0
8818,1472657939.0
8820,1472673295.0
8821,1472678194.0
8822,1472736229.0
8825,1472765444.0
8828,1472820276.0
8831,1472835219.0
8835,1472871437.0
8843,1473081936.0
8845,1473096840.0
8846,1473101553.0
8847,1473119397.0
8849,1473166357.0
8858,1473342563.0
8859,1473347197.0
8867,1473495835.0
8884,1473891268.0
8914,1474388461.0
8918,1474394862.0
8919,1474397485.0
8923,1474405463.0
8931,1474478248.0
8943,1474544809.0
8944,1474545583.0
8956,1474577252.0
8972,1474680555.0
8980,1474892550.0
8985,1474923428.0
8993,1474987715.0
9004,1475083261.0
9006,1475083723.0
9007,1475091776.0
9023,1475199876.0
9051,1475669474.0
9055,1475734996.0
9059,1475777331.0
9061,1475781456.0
9062,1475834674.0
9064,1475855204.0
9070,1475871931.0
9081,1476187497.0
9085,1476188861.0
9090,1476191428.0
9095,1476253697.0
9096,1476272232.0
9115,1476534475.0
9125,1476729445.0
9135,1476840051.0
9136,1476840402.0
9138,1476876297.0
9153,1477088060.0
9166,1477397147.0
9184,1477554574.0
9187,1477589115.0
9189,1477600358.0
9248,1478973795.0
9250,1479127741.0
9251,1479127857.0
9255,1479157916.0
9256,1479209003.0
9274,1479504543.0
9289,1479830097.0
9291,1479832251.0
9293,1479839704.0
9321,1480092081.0
9353,1480631484.0
9354,1480640238.0
9355,1480687628.0
9358,1480699053.0
9373,1480987253.0
9374,1481005928.0
9385,1481056946.0
9386,1481057123.0
9398,1481205654.0
9402,1481224409.0
9403,1481227043.0
9404,1481234360.0
9406,1481234936.0
9418,1481363948.0
9419,1481364614.0
9423,1481550309.0
9452,1481728091.0
9453,1481730124.0
9457,1481752468.0
9478,1481906999.0
9485,1482145505.0
9486,1482155185.0
9495,1482166191.0
9501,1482252287.0
9536,1482936274.0
9543,1482950677.0
9553,1483095497.0
9555,1483102983.0
9562,1483119621.0
9568,1483379429.0
9578,1483562736.0
9583,1483616133.0
9584,1483616275.0
9586,1483622788.0
9590,1483642808.0
9592,1483711663.0
9599,1483769395.0
9610,1483992323.0
9614,1484047228.0
9665,1484650686.0
9666,1484653309.0
9670,1484668275.0
9675,1484682243.0
9677,1484686049.0
9684,1484761976.0
9685,1484762961.0
9694,1484805598.0
9696,1484839621.0
9697,1484847392.0
9698,1484848515.0
9707,1484881346.0
9710,1484916776.0
9712,1484927609.0
9715,1484930033.0
9719,1484947485.0
9722,1485051568.0
9723,1485100576.0
9726,1485137163.0
9752,1485339136.0
9766,1485472309.0
9771,1485526710.0
9774,1485650305.0
9776,1485789273.0
9781,1485807304.0
9784,1485831867.0
9787,1485872578.0
9788,1485873170.0
9792,1485962635.0
9798,1486169610.0
9801,1486332445.0
9808,1486415790.0
9813,1486481913.0
9816,1486491675.0
9817,1486491924.0
9820,1486497886.0
9822,1486497950.0
9835,1486583653.0
9844,1486660113.0
9845,1486661041.0
9846,1486661788.0
9852,1486732769.0
9858,1486755699.0
9879,1487013783.0
9884,1487024900.0
9953,1487676481.0
9957,1487696023.0
9958,1487697463.0
9960,1487772585.0
9961,1487772660.0
9963,1487774327.0
9965,1487789069.0
9967,1487801949.0
9968,1487854971.0
9969,1487865873.0
9972,1487906649.0
9981,1488208620.0
9986,1488223584.0
9990,1488304288.0
9994,1488316574.0
10017,1488579066.0
10018,1488623060.0
10021,1488816868.0
10032,1488849378.0
10053,1489065126.0
10057,1489084471.0
10060,1489156493.0
10065,1489411506.0
10077,1489520186.0
10083,1489597941.0
10084,1489598143.0
10089,1489661643.0
10094,1489690125.0
10098,1489761874.0
10101,1489780869.0
10104,1490025848.0
10120,1490105407.0
10121,1490109131.0
10124,1490119713.0
10125,1490121021.0
10126,1490128119.0
10154,1490640624.0
10156,1490698156.0
10174,1490789989.0
10177,1490805631.0
10179,1490811278.0
10185,1490881912.0
10189,1490902639.0
10192,1490942624.0
10193,1490957978.0
10196,1490976135.0
10200,1490978373.0
10207,1491231635.0
10237,1491481486.0
10252,1491562960.0
10253,1491567546.0
10254,1491572061.0
10291,1491854912.0
10325,1492020449.0
10328,1492026717.0
10335,1492086970.0
10394,1492692597.0
10409,1492773375.0
10411,1492777943.0
10418,1492834246.0
10436,1493227700.0
10438,1493230954.0
10454,1493303035.0
10455,1493303619.0
10457,1493377964.0
10470,1493746310.0
10477,1493758927.0
10503,1493986516.0
10512,1493997463.0
10532,1494350356.0
10544,1494423812.0
10556,1494455364.0
10568,1494579982.0
10576,1494648018.0
10577,1494750065.0
10580,1494868287.0
10587,1494914479.0
10595,1494945198.0
10603,1495038338.0
10606,1495045559.0
10615,1495137330.0
10620,1495201984.0
10621,1495204055.0
10630,1495476063.0
10637,1495565127.0
10672,1496198202.0
10692,1496384601.0
10704,1496750606.0
10706,1496755562.0
10716,1496872501.0
10727,1497225074.0
10728,1497243772.0
10740,1497298558.0
10743,1497329935.0
10754,1497430752.0
10755,1497436840.0
10759,1497449017.0
10763,1497532875.0
10772,1497593720.0
10773,1497620452.0
10774,1497639567.0
10787,1497978080.0
10801,1498089173.0
10806,1498150028.0
10812,1498162003.0
10813,1498162103.0
10814,1498162204.0
10817,1498193865.0
10833,1498504610.0
10834,1498508087.0
10835,1498509513.0
10840,1498590004.0
10841,1498590514.0
10867,1499079068.0
10877,1499255744.0
10878,1499271885.0
10880,1499424941.0
10886,1499441010.0
10898,1499700594.0
10913,1499793605.0
10921,1499954543.0
10923,1499983343.0
10925,1500018059.0
10926,1500032820.0
10935,1500301387.0
10936,1500305662.0
10938,1500312385.0
10961,1500641048.0
10971,1500916579.0
10973,1500925605.0
10974,1500976316.0
10975,1500977188.0
10991,1501157391.0
10993,1501166621.0
10994,1501172296.0
11022,1501689363.0
11047,1502142948.0
11054,1502282632.0
11055,1502283778.0
11072,1502459431.0
11074,1502464804.0
11078,1502540119.0
11079,1502540486.0
11081,1502549211.0
11099,1502809568.0
11108,1502823482.0
11110,1502832470.0
11116,1502916539.0
11118,1502924054.0
11119,1502931117.0
11137,1503000897.0
11145,1503064764.0
11147,1503078770.0
11157,1503160811.0
11176,1503337519.0
11185,1503403361.0
11209,1503532760.0
11217,1503616634.0
11220,1503662543.0
11221,1503663672.0
11224,1503677451.0
11229,1503693284.0
11230,1503752364.0
11233,1503787619.0
11235,1503799808.0
11236,1503827414.0
11237,1503827642.0
11240,1503830079.0
11241,1503830531.0
11242,1503841747.0
11245,1503927418.0
11254,1504006262.0
11256,1504025133.0
11259,1504095003.0
11261,1504105270.0
11264,1504117983.0
11265,1504178990.0
11266,1504189725.0
11308,1504787417.0
11330,1505139687.0
11331,1505143466.0
11343,1505229639.0
11348,1505300571.0
11352,1505316660.0
11372,1505472418.0
11375,1505482993.0
11384,1505509966.0
11385,1505511312.0
11389,1505750413.0
11400,1505902580.0
11403,1505917195.0
11407,1505930716.0
11410,1505998310.0
11413,1506011930.0
11414,1506012503.0
11417,1506049616.0
11439,1506357208.0
11443,1506417957.0
11444,1506418884.0
11452,1506435537.0
11453,1506437644.0
11489,1506963863.0
11490,1506964672.0
11501,1507057799.0
11505,1507109980.0
11506,1507112462.0
11519,1507200661.0
11524,1507296461.0
11542,1507565551.0
11544,1507570990.0
11549,1507635604.0
11577,1507834878.0
11586,1508160421.0
11598,1508249753.0
11605,1508264787.0
11610,1508267838.0
11612,1508280759.0
11615,1508333854.0
11616,1508333987.0
11617,1508334278.0
11618,1508334776.0
11620,1508337900.0
11625,1508349291.0
11627,1508360431.0
11647,1508766000.0
11648,1508766990.0
11657,1508834941.0
11662,1508964455.0
11664,1508968770.0
11665,1508973629.0
11666,1508988764.0
11671,1509026767.0
11675,1509048604.0
11681,1509127865.0
11682,1509206586.0
11700,1509465455.0
11701,1509466717.0
11720,1509656878.0
11722,1509659757.0
11735,1510005477.0
11750,1510260882.0
11751,1510262335.0
11754,1510270456.0
11755,1510271335.0
11759,1510310319.0
11760,1510311308.0
11761,1510312553.0
11762,1510313088.0
11767,1510319413.0
11771,1510335818.0
11776,1510351373.0
11777,1510362254.0
11783,1510614794.0
11784,1510651313.0
11795,1510754633.0
11815,1510951659.0
11816,1510976729.0
11820,1511199627.0
11821,1511200999.0
11836,1511286174.0
11839,1511301947.0
11851,1511360401.0
11857,1511376416.0
11867,1511459988.0
11872,1511562869.0
11885,1511904633.0
11887,1511959384.0
11900,1512133447.0
11902,1512133913.0
11905,1512165749.0
11913,1512430572.0
11923,1512562376.0
11929,1512660371.0
11930,1512661875.0
11931,1512668240.0
11937,1512729089.0
11951,1512998475.0
11959,1513010735.0
11962,1513038249.0
11966,1513088838.0
11967,1513089006.0
11972,1513157232.0
11974,1513171488.0
11990,1513270809.0
11993,1513277778.0
11999,1513342512.0
12000,1513353624.0
12010,1513371301.0
12037,1513877776.0
12038,1513882145.0
12055,1514488125.0
12077,1515076034.0
12079,1515080889.0
12082,1515085912.0
12086,1515118313.0
12093,1515158501.0
12095,1515218114.0
12096,1515285872.0
12104,1515427878.0
12108,1515435642.0
12118,1515598177.0
12119,1515598237.0
12120,1515598300.0
12121,1515598400.0
12128,1515645772.0
12129,1515662758.0
12135,1515691725.0
12151,1516042313.0
12155,1516047168.0
12160,1516115690.0
12175,1516305605.0
12178,1516368264.0
12186,1516645901.0
12190,1516728019.0
12197,1516898516.0
12198,1516912715.0
12206,1516999819.0
12210,1517020627.0
12222,1517336652.0
12223,1517360184.0
12233,1517496777.0
12234,1517500703.0
12236,1517512499.0
12244,1517590307.0
12246,1517595106.0
12258,1517846160.0
12259,1517846546.0
12273,1518010683.0
12278,1518086188.0
12300,1518204824.0
12316,1518446145.0
12334,1518557027.0
12351,1518643738.0
12352,1518643966.0
12384,1519133028.0
12390,1519138476.0
12405,1519222277.0
12407,1519227154.0
12414,1519303893.0
12417,1519331379.0
12418,1519338959.0
12419,1519339212.0
12434,1519736230.0
12457,1519848307.0
12470,1519998706.0
12518,1520371392.0
12537,1520525892.0
12547,1520604539.0
12548,1520618324.0
12552,1520624207.0
12574,1520894184.0
12585,1521030352.0
12587,1521036306.0
12599,1521054397.0
12611,1521141215.0
12614,1521160829.0
12615,1521162085.0
12626,1521227090.0
12656,1521559884.0
12678,1521710494.0
12679,1521712417.0
12680,1521712901.0
12683,1521720609.0
12698,1521781500.0
12705,1521812171.0
12718,1522143285.0
12722,1522159706.0
12733,1522245691.0
12737,1522259417.0
12769,1522757872.0
12784,1522856918.0
12803,1523063528.0
12805,1523064895.0
12808,1523295512.0
12814,1523375825.0
12823,1523448932.0
12825,1523449728.0
12851,1523540147.0
12868,1523640999.0
12869,1523683598.0
12873,1523880857.0
12874,1523883645.0
12918,1524138157.0
12928,1524163534.0
12931,1524214100.0
12948,1524525559.0
12952,1524571640.0
12956,1524588238.0
12975,1524705507.0
13029,1525366232.0
13032,1525369417.0
13034,1525373314.0
13035,1525376253.0
13118,1526553351.0
13119,1526553621.0
13137,1526644820.0
13138,1526646123.0
13150,1526833358.0
13151,1526837650.0
13158,1526917381.0
13172,1527017178.0
13216,1527697958.0
13225,1527774406.0
13243,1528140936.0
13244,1528142334.0
13245,1528207882.0
13272,1528396928.0
13285,1528741969.0
13289,1528890231.0
13298,1528958648.0
13300,1528997156.0
13301,1529003681.0
13302,1529004269.0
13305,1529091836.0
13345,1529608449.0
13353,1529679165.0
13371,1530105096.0
13382,1530281277.0
13384,1530291860.0
13388,1530299912.0
13392,1530541064.0
13393,1530541728.0
13399,1530624495.0
13400,1530645133.0
13402,1530754626.0
13409,1530808053.0
13410,1530808716.0
13423,1531143489.0
13427,1531156007.0
13456,1531830763.0
13465,1531908964.0
13498,1532704966.0
13504,1533042326.0
13505,1533042677.0
13509,1533058608.0
13517,1533209343.0
13529,1533329590.0
13551,1533830635.0
13558,1533912718.0
13564,1534166442.0
13566,1534168803.0
13576,1534268024.0
13614,1534994076.0
13616,1535030908.0
13618,1535032932.0
13629,1535090680.0
13630,1535099176.0
13631,1535115575.0
13639,1535303232.0
13663,1535590575.0
13664,1535608945.0
13687,1536144232.0
13691,1536160114.0
13693,1536230399.0
13699,1536245368.0
13700,1536246908.0
13701,1536250434.0
13705,1536324060.0
13711,1536417439.0
13718,1536590155.0
13724,1536600517.0
13725,1536600901.0
13728,1536624804.0
13730,1536652274.0
13746,1536755980.0
13760,1536884395.0
13768,1536939474.0
13771,1536956068.0
13773,1537142084.0
13782,1537261748.0
13793,1537294571.0
13855,1538095640.0
13858,1538140601.0
13859,1538140862.0
13867,1538383960.0
13873,1538404311.0
13880,1538482074.0
13883,1538487305.0
13894,1538592680.0
13934,1539114852.0
13950,1539344637.0
13952,1539405975.0
13981,1540221717.0
13985,1540236734.0
13988,1540285397.0
13999,1540299500.0
14019,1540378722.0
14026,1540388730.0
14051,1540561455.0
14060,1541022343.0
14071,1541557545.0
14086,1541701575.0
14087,1541702361.0
14088,1541703402.0
14094,1542024571.0
14105,1542048778.0
14122,1542225396.0
14123,1542246849.0
14127,1542303145.0
14135,1542378674.0
14141,1542420267.0
14143,1542647689.0
14167,1543018671.0
14171,1543268440.0
14185,1543430858.0
14194,1543500575.0
14197,1543517527.0
14210,1543926547.0
14213,1543944391.0
14215,1543958293.0
14216,1543966693.0
14235,1544128379.0
14244,1544197233.0
14280,1544791342.0
14309,1545315094.0
14328,1545828749.0
14330,1545864366.0
14353,1546967831.0
14358,1547009661.0
14364,1547060817.0
14398,1548100552.0
14423,1548729135.0
14427,1548772806.0
14430,1548795043.0
14433,1548848378.0
14435,1548859604.0
14440,1548885161.0
14445,1549025960.0
14447,1549030923.0
14452,1549271669.0
14454,1549311374.0
14460,1549513634.0
14471,1549901113.0
14478,1549984473.0
14479,1549984700.0
14480,1549985035.0
14481,1549986456.0
14484,1550058452.0
14487,1550090591.0
14511,1550584095.0
14519,1550609482.0
14525,1550672866.0
14541,1550786787.0
14553,1550859730.0
14564,1551097361.0
14571,1551111456.0
14572,1551115871.0
14577,1551191579.0
14587,1551269720.0
14617,1551453160.0
14641,1551766776.0
14654,1551873344.0
14670,1551977453.0
14672,1551985907.0
14701,1552590215.0
14724,1553120570.0
14732,1553188162.0
14733,1553191979.0
14749,1553361412.0
14768,1553603195.0
14769,1553603389.0
14800,1553872567.0
14818,1554225862.0
14826,1554309632.0
14830,1554312835.0
14838,1554327067.0
14839,1554388081.0
14855,1554808428.0
14856,1554919411.0
14868,1555193525.0
14919,1555956976.0
14924,1556046443.0
14926,1556098702.0
14935,1556193618.0
14961,1556563869.0
14973,1556829920.0
14975,1556919138.0
14989,1557232023.0
15004,1557426523.0
15010,1557500963.0
15018,1557680821.0
15020,1557748118.0
15034,1557842935.0
15060,1558367790.0
15066,1558453874.0
15074,1558620729.0
15085,1558713165.0
15103,1559134669.0
15116,1559300903.0
15119,1559474416.0
15125,1559576073.0
15133,1559819294.0
15137,1559835066.0
15138,1559905494.0
15157,1560356694.0
15176,1560526246.0
15181,1560537215.0
15194,1560872900.0
15206,1561049287.0
15212,1561407338.0
15217,1561476526.0
15218,1561486804.0
15230,1561726572.0
15271,1562244473.0
15299,1562766417.0
15307,1563200845.0
15326,1563398099.0
15328,1563452530.0
15338,1563561170.0
15339,1563727804.0
15346,1563882121.0
15348,1563890204.0
15349,1563891539.0
15350,1563893222.0
15353,1563896952.0
15363,1563978798.0
15368,1563989468.0
15374,1564078340.0
15382,1564348050.0
15388,1564414703.0
15393,1564488264.0
15394,1564488961.0
15405,1564663084.0
15409,1564739165.0
15440,1565374489.0
15452,1565892609.0
15455,1565992222.0
15468,1566312178.0
15471,1566319994.0
15476,1566406031.0
15479,1566472709.0
15485,1566817385.0
15492,1567004343.0
15496,1567013768.0
15497,1567018481.0
15498,1567029460.0
15503,1567434583.0
15509,1567508996.0
15513,1567544464.0
15515,1567595059.0
15542,1568297999.0
15546,1568383242.0
15556,1568733821.0
15597,1569252223.0
15600,1569275459.0
15619,1569502437.0
15623,1569518310.0
15626,1569584555.0
15628,1569585126.0
15629,1569593191.0
15635,1569616659.0
15636,1569617665.0
15647,1569859109.0
15648,1569863068.0
15656,1569950464.0
15669,1570192639.0
15671,1570193623.0
15681,1570224557.0
15688,1570238697.0
15706,1570537734.0
15715,1570542318.0
15718,1570555553.0
15722,1570638164.0
15723,1570639740.0
15748,1571055196.0
15778,1571164778.0
15796,1571310599.0
15806,1571335066.0
15807,1571335563.0
15811,1571392638.0
15847,1571842242.0
15855,1571879582.0
15857,1571909332.0
15863,1571939110.0
15865,1571964162.0
15883,1572267007.0
15884,1572267571.0
15896,1572442191.0
15912,1572537453.0
15919,1572621643.0
15920,1572624602.0
15921,1572624788.0
15927,1572892325.0
15930,1572932189.0
15932,1572966247.0
15940,1572992558.0
15946,1573057706.0
15950,1573078086.0
15957,1573150531.0
15958,1573150999.0
15968,1573252397.0
15991,1573586024.0
15996,1573647835.0
16001,1573660240.0
16012,1573739626.0
16096,1574682666.0
16136,1574953526.0
16156,1575123887.0
16165,1575359536.0
16184,1575493452.0
16187,1575557458.0
16194,1575568991.0
16221,1575997993.0
16224,1576000306.0
16284,1576641642.0
16340,1577194305.0
16355,1577366958.0
16384,1577826424.0
16405,1578084747.0
16429,1578470146.0
16458,1578600250.0
16466,1578682588.0
16472,1578917099.0
16480,1579017365.0
16482,1579031679.0
16484,1579112245.0
16498,1579525063.0
16499,1579527683.0
16507,1579566306.0
16509,1579612715.0
16513,1579621577.0
16523,1579703815.0
16525,1579706307.0
16534,1579727676.0
16536,1579784184.0
16540,1579795861.0
16549,1579814254.0
16551,1579871401.0
16560,1579899832.0
16562,1580131529.0
16575,1580321156.0
16576,1580336465.0
16577,1580367553.0
16593,1580492369.0
16596,1580540283.0
16601,1580821028.0
16609,1580910323.0
16651,1581549534.0
16667,1582084823.0
16669,1582122265.0
16670,1582122412.0
16673,1582205957.0
16678,1582485176.0
16687,1582667428.0
16696,1582754021.0
16703,1582830950.0
16713,1583163410.0
16726,1583520286.0
16729,1583746269.0
16732,1583769213.0
16741,1584043941.0
16746,1584124952.0
16749,1584127723.0
16751,1584352300.0
16753,1584362542.0
16754,1584365851.0
16760,1584407060.0
16768,1584534542.0
16778,1584640545.0
16785,1584817573.0
16792,1585016159.0
16796,1585080241.0
16801,1585180910.0
16811,1585522750.0
16820,1585589719.0
16827,1585654977.0
16836,1585754508.0
16845,1585842875.0
16846,1585846719.0
16852,1586194219.0
16855,1586200041.0
16899,1587104831.0
16912,1587553886.0
16915,1587563778.0
16927,1587750800.0
16952,1588600492.0
16953,1588601555.0
16955,1588703440.0
16956,1588704481.0
16957,1588705481.0
16960,1588780971.0
16964,1588856094.0
16969,1588959104.0
16983,1589449771.0
16996,1589973831.0
17009,1590210460.0
17014,1590581709.0
17019,1590775256.0
17022,1591012978.0
17023,1591018064.0
17026,1591020874.0
17038,1591112934.0
17044,1591187553.0
17046,1591196366.0
17050,1591324573.0
17051,1591355417.0
17060,1591380653.0
17061,1591557695.0
17062,1591637561.0
17066,1591699627.0
17068,1591715563.0
17070,1591785330.0
17072,1591965398.0
17076,1592161824.0
17106,1592504357.0
17107,1592517107.0
17108,1592556645.0
17114,1592580073.0
17115,1592580614.0
17126,1593024258.0
17136,1593428086.0
17139,1593450780.0
17144,1593543672.0
17160,1593688920.0
17164,1593703418.0
17168,1593714276.0
17180,1594039936.0
17189,1594230869.0
17190,1594285863.0
17191,1594286222.0
17192,1594286341.0
17193,1594286680.0
17194,1594286992.0
17202,1594382360.0
17205,1594635155.0
17228,1594896608.0
17230,1594905124.0
17231,1594930766.0
17238,1595078430.0
17260,1595471806.0
17261,1595472928.0
17265,1595578931.0
17268,1595844275.0
17284,1596273818.0
17287,1596312033.0
17290,1596413250.0
17294,1596473196.0
17307,1596633721.0
17312,1596652315.0
17319,1596741548.0
17322,1596847428.0
17325,1597081570.0
17330,1597160558.0
17333,1597167352.0
17335,1597245716.0
17342,1597322112.0
17355,1597427208.0
17358,1597667112.0
17371,1597773582.0
17387,1597948832.0
17390,1598013957.0
17391,1598015693.0
17393,1598034893.0
17398,1598305625.0
17412,1598446349.0
17413,1598457912.0
17417,1598466022.0
17418,1598523297.0
17420,1598536304.0
17425,1598637887.0
17433,1598871393.0
17441,1598908083.0
17444,1598962944.0
17463,1599082033.0
17466,1599117615.0
17506,1599493833.0
17515,1599679123.0
17519,1599749894.0
17524,1599837521.0
17551,1600232247.0
17554,1600260201.0
17557,1600279082.0
17571,1600371323.0
17586,1600668192.0
17587,1600694510.0
17598,1600794247.0
17599,1600794738.0
17606,1600884443.0
17607,1600888940.0
17608,1600902377.0
17609,1600903785.0
17621,1601046217.0
