2,1213029271
3,1213029574
4,1213029758
6,1213130522
7,1213131666
8,1213131910
9,1213132059
10,1213132150
11,1213132223
12,1213132296
13,1213132361
14,1213132464
15,1213132539
16,1213132638
17,1213132717
18,1213132806
19,1213132974
20,1213133039
21,1213133105
47,1213825537
48,1213941767
49,1213946608
50,1213994198
53,1214433826
54,1214436636
55,1214514812
57,1214554571
58,1214581114
59,1214824815
63,1214863716
68,1215468674
75,1216162225
76,1216175429
77,1216225326
86,1216832386
87,1216837771
94,1216995742
99,1217004914
105,1217042878
106,1217084607
108,1217558925
109,1217628067
110,1217960305
112,1218056487
115,1218143441
117,1218477872
118,1218478076
120,1218565656
121,1218567443
122,1219104324
123,1219606153
124,1219626045
126,1219785900
127,1219843114
131,1220376427
133,1220474772
136,1220639266
137,1220907768
138,1220907827
140,1221300132
150,1222882114
151,1222892585
154,1222953645
155,1222954083
157,1223158835
159,1223298947
160,1223301715
168,1223306641
178,1223326215
181,1223567123
182,1223653782
183,1223654724
184,1223898768
187,1224010330
189,1224023992
190,1224027755
192,1224110994
193,1224116080
196,1224504776
198,1224535596
199,1224547148
200,1224563947
201,1224564916
202,1224624295
203,1224647030
204,1224655618
205,1224711992
206,1224789656
208,1225085471
209,1225149720
212,1225230897
213,1225260157
218,1226355848
219,1226440872
221,1226532089
226,1227036446
227,1227037816
228,1227038526
232,1227556092
238,1227562273
240,1227716814
241,1227729008
242,1228156079
244,1228339099
245,1228424900
247,1228501368
249,1228727431
250,1228759892
251,1228771741
252,1228950389
253,1229021128
254,1229118262
255,1229123901
257,1229388540
258,1229467809
266,1231188027
267,1231196206
268,1231351501
270,1231449020
272,1231870532
273,1231979803
275,1232032680
281,1233240263
284,1233575740
285,1233575806
287,1233638784
290,1233745280
291,1233775409
293,1233859398
298,1233872622
299,1233876148
300,1233876243
302,1233924017
303,1233929177
309,1234304510
310,1234376204
313,1234563611
316,1234897328
318,1234903922
319,1234909947
320,1234910881
325,1235088295
326,1235160735
330,1235525437
332,1235765052
333,1235771785
334,1235778944
335,1236192948
340,1237328199
341,1237392672
344,1237401948
346,1237851285
347,1238026418
348,1238094705
355,1238130591
357,1238562120
359,1238601547
360,1238689927
362,1238749469
363,1238756885
365,1238795761
366,1238796744
367,1238804972
370,1239139600
374,1239355723
375,1239811411
376,1239833459
377,1239992076
379,1240295402
382,1240857004
384,1240865746
385,1240871887
387,1240993969
391,1241634318
396,1241829665
400,1242163585
401,1242164129
402,1242254200
404,1242665410
405,1242667442
411,1242772750
412,1242808537
413,1242856755
415,1242937784
416,1243353086
417,1243361427
418,1243408250
419,1243470249
420,1243535760
421,1243535979
427,1243976501
429,1244013292
430,1244047266
433,1244224648
435,1244234544
438,1244484280
441,1244547178
444,1245091704
445,1245341198
446,1245451459
448,1246041581
449,1246048585
450,1246289341
452,1246324641
453,1246379134
454,1246395221
455,1246405442
457,1246474684
458,1246579541
459,1246630606
460,1247157568
463,1247490879
466,1247541912
467,1247557639
468,1247593474
469,1247595028
470,1247595945
475,1247780366
477,1247857517
479,1248094817
480,1248096809
481,1248097409
482,1248302693
483,1248381649
484,1248383394
485,1248385623
487,1248467880
489,1248763227
490,1248892049
491,1248893470
492,1249014279
493,1249119658
495,1249323600
497,1249419089
498,1249420731
499,1249504340
501,1249596702
502,1249606670
503,1249607172
504,1249666550
505,1249765055
508,1250534348
509,1250703674
510,1250716422
511,1250721323
512,1250727067
513,1250943123
514,1251135868
515,1251205858
517,1251243162
519,1251244156
523,1252431443
524,1252625776
527,1253122463
528,1253126814
530,1253524628
531,1253552953
532,1253650186
533,1253727701
534,1253731600
535,1253815002
537,1253917543
538,1254290421
540,1254434561
541,1254787487
542,1254794042
547,1255039301
548,1255042750
551,1255407033
553,1255481238
554,1255560906
557,1256418205
558,1256429298
559,1256577087
562,1256589928
563,1256749767
566,1256794046
567,1257050465
568,1257212315
569,1257536874
570,1257662266
573,1257815159
574,1257900214
576,1257962910
577,1257964249
582,1258491400
583,1258498052
586,1258766293
587,1258845689
588,1258845839
589,1258944474
590,1258959703
591,1258968937
592,1259056119
593,1259081685
596,1259103089
597,1259173139
598,1259178834
600,1259619757
602,1259695506
603,1259695669
604,1259701318
606,1259716223
609,1259868752
610,1259909458
611,1260150466
614,1260228678
615,1260397068
617,1260472271
618,1260480547
619,1260480685
620,1260480842
621,1260653782
622,1260656579
623,1260780563
624,1260847028
626,1260899673
627,1260924307
628,1260928711
629,1260939656
630,1260949199
634,1261260797
637,1262795202
642,1263347562
644,1263494624
645,1263532772
647,1263594838
649,1263764253
650,1263898783
653,1264183646
654,1264201410
656,1264296469
659,1264528858
662,1265079438
663,1265131851
666,1265845998
667,1265916416
668,1265976721
669,1266007564
670,1266016873
673,1266346993
674,1266623336
675,1266676361
676,1266800595
677,1266862807
680,1267048317
681,1267097107
682,1267099303
683,1267427060
684,1267611519
687,1267740743
688,1267809039
689,1268097792
690,1268098951
691,1268167259
693,1268170806
695,1268184328
696,1268199695
697,1268238035
698,1268432521
705,1268599468
706,1268849317
707,1268871669
708,1268890493
709,1268891865
710,1268912371
713,1268927599
714,1268933892
718,1269014945
719,1269020111
720,1269158687
722,1269269382
727,1269557671
731,1269645167
732,1269902925
734,1270593837
735,1270675606
736,1270768631
737,1270934003
738,1270934276
740,1271146097
741,1271265137
742,1271373668
743,1271427602
746,1271887846
749,1271953267
750,1271954727
752,1271968561
753,1272263499
757,1272500005
758,1272504490
763,1272978583
764,1273009267
766,1273086267
768,1273161955
769,1273168906
770,1273175427
771,1273261908
772,1273502541
774,1273699871
777,1274457174
780,1274782931
782,1275338850
783,1275420163
785,1275519110
786,1275686732
787,1276188415
790,1277225276
791,1277382018
792,1277415414
794,1277520435
795,1277719946
796,1277762524
800,1277853963
803,1278103967
804,1278362149
805,1278460122
813,1278918850
814,1279090771
815,1279224862
820,1279296032
822,1279554661
824,1279596610
825,1279597278
826,1279696380
828,1279984271
831,1280957116
832,1281035796
833,1281122245
844,1281629102
846,1281633593
847,1281704490
851,1281967967
854,1282248285
855,1282834158
856,1282849801
857,1283220872
861,1283449249
863,1283524422
865,1283526425
867,1283844552
870,1284502589
871,1284503994
872,1284515493
874,1284739263
876,1285076261
877,1285152249
880,1285630846
881,1285717263
882,1285717596
883,1285835909
884,1285924285
885,1285944207
886,1286309880
887,1286339195
888,1286371612
889,1286424961
890,1286438025
893,1286781355
895,1287041153
897,1287084366
898,1287084957
902,1287423709
904,1287521041
907,1287599239
913,1288075816
914,1288209288
915,1288305812
916,1288775422
917,1288787612
919,1288878201
921,1289206319
928,1289419576
929,1289494995
930,1289814932
936,1290096126
937,1290204746
939,1290585186
954,1291022495
956,1291894329
957,1292260145
958,1292404702
961,1292947636
962,1292956979
963,1293093279
972,1294081611
973,1294210072
975,1295008173
976,1295314576
978,1295543080
979,1296146640
981,1296591781
982,1296640378
983,1296710461
984,1297103672
985,1297279491
986,1297425863
987,1297642241
988,1297642395
989,1297642596
990,1297642809
991,1297665954
994,1297971529
995,1298294567
996,1298314978
998,1298321747
1002,1298426523
1004,1298938462
1005,1298995218
1006,1299173898
1007,1299274978
1011,1299664190
1013,1299875282
1014,1299951727
1015,1299985239
1017,1300183178
1023,1300530000
1026,1300814163
1027,1300943207
1028,1300998364
1029,1301086063
1033,1301258409
1034,1301258750
1035,1301301410
1036,1301359565
1043,1301931267
1046,1302647059
1047,1302685449
1048,1302687632
1049,1302925375
1050,1303346782
1051,1303394175
1052,1303652734
1055,1303852127
1056,1303874406
1057,1304385381
1058,1304469285
1059,1304506242
1060,1305055978
1061,1305059916
1062,1305265815
1063,1305668049
1064,1305765405
1065,1305873978
1066,1306012154
1068,1306192092
1069,1306194811
1071,1306257656
1073,1306345928
1074,1306348059
1075,1306359594
1076,1306361988
1077,1306398903
1083,1306859024
1086,1306925539
1087,1307390994
1088,1307563454
1089,1307627836
1090,1307629446
1091,1307676083
1093,1307995551
1097,1308233264
1100,1308648258
1101,1308676516
1102,1308678793
1105,1308809156
1106,1308809734
1108,1308862954
1109,1308890898
1110,1309325427
1111,1309423860
1115,1309504806
1117,1309877448
1118,1309920991
1119,1310034788
1123,1310468586
1124,1310573878
1125,1310589203
1126,1311014825
1127,1311015048
1128,1311094196
1131,1311275769
1132,1311339415
1134,1311373135
1136,1311699531
1137,1311771740
1138,1311797063
1139,1311802925
1140,1311958177
1141,1312327900
1142,1312331346
1144,1312410949
1145,1312410967
1146,1312478473
1152,1313180857
1154,1313429767
1156,1313689687
1157,1313783928
1159,1313860588
1163,1314294470
1165,1314655687
1167,1314800559
1168,1314820333
1171,1314992151
1173,1315406872
1174,1315507662
1179,1315930856
1181,1315957135
1184,1316040484
1185,1316049069
1186,1316092908
1189,1316183345
1190,1316219419
1192,1316397624
1194,1316477408
1195,1316531741
1197,1316615859
1203,1316817899
1206,1317140776
1207,1317153852
1208,1317184547
1209,1317192783
1210,1317219621
1211,1317373645
1212,1317673464
1214,1317808596
1220,1318416463
1222,1318453680
1223,1318477891
1224,1318481654
1225,1318502193
1236,1319126702
1237,1319129688
1238,1319129901
1240,1319249777
1241,1319382638
1242,1319420131
1256,1319701533
1262,1319751986
1264,1319775808
1265,1319808946
1268,1319824865
1269,1319837677
1270,1319840736
1271,1319841188
1272,1319895360
1273,1319999588
1274,1320044810
1277,1320252361
1278,1320252883
1283,1320298525
1294,1320832467
1295,1320866621
1298,1321118941
1299,1321426422
1300,1321472625
1303,1321572738
1304,1321573046
1305,1321640613
1306,1321686165
1307,1322039233
1308,1322142225
1309,1322532232
1311,1322676246
1313,1322699187
1315,1322994677
1316,1323005673
1317,1323006490
1318,1323025563
1319,1323140770
1323,1323394096
1327,1323750333
1329,1323993888
1330,1324272072
1331,1324278654
1332,1324287131
1333,1324344273
1334,1324398697
1336,1324509878
1338,1324513825
1339,1324548055
1340,1324576987
1341,1324583748
1343,1324644265
1344,1324906588
1348,1325300283
1351,1325717746
1352,1325790739
1353,1325886170
1354,1325898624
1356,1326148926
1357,1326150270
1358,1326159991
1359,1326185169
1360,1326354251
1361,1326476618
1366,1326956443
1367,1327085281
1368,1327205171
1370,1327364903
1371,1327365006
1372,1327368795
1373,1327376405
1374,1327418567
1375,1327481006
1376,1327628343
1379,1327913030
1380,1327943657
1382,1327971999
1384,1328057493
1385,1328117272
1386,1328296477
1387,1328507861
1388,1328591849
1391,1329097268
1392,1329097505
1393,1329333075
1394,1329830817
1395,1329854508
1398,1329937802
1399,1329963392
1403,1330686757
1404,1330949116
1405,1330954935
1406,1331025243
1412,1331543604
1415,1331752001
1417,1331831123
1418,1331845914
1419,1331856465
1424,1331932506
1427,1332192348
1431,1332486667
1434,1332806807
1437,1332986993
1438,1333082948
1439,1333268153
1440,1333312119
1442,1333559380
1443,1333580736
1444,1334020104
1446,1334260797
1448,1334679340
1449,1334687194
1451,1334858697
1453,1335305110
1455,1335460378
1456,1335460636
1457,1335468343
1458,1335747630
1460,1335815370
1462,1336009068
1463,1336427571
1465,1336661231
1466,1337102513
1470,1337533234
1471,1337562635
1472,1337956441
1473,1338321526
1474,1338388275
1476,1338555688
1477,1338580339
1478,1338692619
1479,1338770905
1480,1338948000
1483,1339448941
1484,1339450618
1485,1339525951
1486,1339535264
1487,1339739822
1488,1339740806
1489,1340010577
1490,1340079041
1491,1340132361
1492,1340196681
1493,1340225278
1494,1340394973
1495,1340869863
1496,1340879075
1498,1341350743
1499,1341354782
1500,1341421834
1501,1341422094
1512,1342636006
1513,1342744713
1514,1342745553
1517,1343134365
1518,1343208506
1519,1343237697
1520,1343241748
1521,1343317478
1522,1343687273
1526,1344545417
1527,1344545433
1528,1344545455
1529,1344545519
1530,1344553980
1531,1344553999
1533,1344840623
1534,1344848144
1535,1344988600
1536,1345086793
1537,1345213218
1538,1345593611
1539,1345611588
1540,1345744317
1541,1345784986
1542,1345834435
1544,1346680892
1545,1346739615
1546,1346751385
1548,1347054708
1549,1347263935
1550,1348677157
1551,1349053052
1553,1349128822
1554,1349278513
1555,1349279950
1556,1349291424
1557,1349391832
1560,1349912705
1561,1349941437
1562,1350090228
1563,1350140144
1566,1350468575
1567,1350498880
1573,1351811594
1575,1352251886
1576,1352286670
1578,1352346908
1579,1352347569
1580,1352373189
1581,1352386561
1582,1352798936
1585,1353305073
1586,1353309274
1589,1353618451
1590,1354046906
1591,1354059132
1594,1354253233
1596,1354577674
1597,1354609712
1599,1354906456
1600,1355121828
1602,1355532058
1603,1355646428
1606,1356128386
1610,1356543072
1611,1356589396
1612,1356591426
1613,1356911229
1614,1357169815
1616,1357691747
1617,1357728411
1620,1358223532
1621,1358349848
1622,1358353763
1623,1358354811
1624,1358478670
1625,1358631236
1628,1359037182
1629,1359076242
1631,1359487159
1632,1359499740
1633,1359573243
1636,1359604486
1637,1359750561
1639,1359860741
1641,1360174655
1642,1360319406
1643,1360374266
1645,1360652921
1646,1360663663
1647,1361113420
1648,1361230068
1649,1361267261
1650,1361381438
1652,1361904338
1653,1361930378
1654,1361998844
1655,1362028048
1656,1362154839
1657,1362156287
1659,1362639040
1661,1362690718
1662,1362788874
1663,1363101942
1664,1363201081
1667,1363251416
1670,1363383414
1671,1363612955
1672,1363653609
1673,1363687278
1675,1364330978
1676,1364490558
1677,1364504450
1678,1364516342
1680,1364600366
1683,1365114038
1684,1365194616
1685,1365195789
1686,1365200251
1689,1365780601
1690,1366026813
1693,1366373661
1694,1366625305
1695,1366759739
1696,1366810763
1697,1367368685
1699,1367621225
1700,1367973811
1702,1368131057
1705,1368212176
1706,1368425128
1707,1368800199
1708,1368802898
1711,1369999000
1712,1370365218
1713,1370512306
1714,1370523992
1716,1370987325
1717,1371223334
1719,1372183217
1720,1373081695
1723,1373316378
1725,1373676211
1726,1373676339
1731,1373997596
1732,1374250497
1733,1374280302
1734,1374524932
1736,1374828039
1737,1375729948
1738,1375886618
1739,1376022559
1740,1376590733
1741,1376657161
1742,1377100283
1744,1377203036
1745,1377509108
1747,1377785069
1750,1377903424
1751,1377910574
1752,1378079701
1753,1378391835
1754,1378482147
1755,1378577531
1756,1378615523
1757,1379030235
1764,1380102701
1765,1380147661
1768,1380273550
1769,1380474737
1770,1380528045
1772,1380634993
1773,1380662456
1774,1380669279
1775,1380708317
1776,1380708421
1777,1380708582
1779,1380739377
1781,1380849567
1782,1380911047
1783,1381168916
1784,1381259892
1785,1381278149
1786,1381306236
1787,1381343480
1789,1381446654
1790,1381449553
1791,1381450040
1793,1381466639
1795,1381779531
1797,1382122667
1798,1382259124
1799,1382466050
1800,1382634266
1801,1382703389
1803,1382788247
1805,1383103093
1806,1383256032
1807,1383348767
1809,1383714402
1810,1383753794
1811,1383802672
1812,1384115337
1813,1384497625
1814,1384511843
1816,1384551195
1818,1384602828
1819,1385078215
1821,1385189038
1822,1385488375
1823,1385603044
1826,1386099676
1828,1386116999
1832,1386267687
1833,1386380955
1835,1386882327
1836,1386895828
1839,1386944726
1840,1387022027
1842,1387226102
1843,1387235397
1844,1387238313
1845,1387239230
1846,1387243080
1847,1387321522
1848,1387329437
1850,1387648335
1851,1387840997
1853,1388270315
1855,1388704031
1856,1388706202
1859,1389464418
1860,1389473668
1861,1389484207
1862,1389585057
1863,1389810197
1864,1390198193
1865,1390351910
1869,1390851818
1870,1390934743
1875,1391400368
1877,1391728401
1878,1391919527
1880,1392142171
1883,1392694227
1884,1392897538
1885,1392911747
1886,1392960958
1888,1393355231
1889,1393375120
1890,1393550465
1891,1394494439
1892,1394676396
1893,1394682373
1894,1394764982
1895,1394987755
1896,1395074492
1897,1395184222
1898,1395326736
1899,1395327715
1900,1395425472
1901,1395605303
1902,1395672704
1903,1395672738
1906,1396252327
1909,1397087488
1910,1397203692
1911,1397228905
1912,1397506490
1913,1397853742
1914,1397861516
1917,1398189724
1919,1398393892
1920,1398653990
1921,1399217312
1922,1399292500
1923,1399297759
1924,1399465687
1926,1399588497
1927,1399745197
1929,1400904782
1930,1401256071
1932,1401670681
1933,1401814747
1934,1402009266
1936,1402385137
1937,1402457286
1939,1402555160
1942,1403102913
1943,1403199366
1945,1403581878
1949,1403856083
1950,1404164617
1952,1404304003
1954,1404420309
1955,1404513002
1956,1404727465
1958,1404779556
1964,1405120858
1965,1405391767
1966,1405432331
1969,1405702032
1973,1405788631
1974,1405789047
1976,1405825261
1983,1406063918
1984,1406065046
1985,1406082157
1987,1406160122
1990,1406331224
1991,1406338189
1992,1406513118
1996,1406553472
1997,1406578958
1998,1406662037
1999,1406743788
2002,1407053205
2003,1407222257
2004,1407224879
2005,1407420623
2006,1407450412
2007,1407533878
2008,1407835219
2009,1408009193
2012,1408075726
2013,1408486337
2014,1408589857
2015,1408615257
2018,1408731435
2019,1408749811
2021,1409059360
2025,1409343693
2026,1409642514
2028,1409901652
2029,1409959303
2030,1410064962
2033,1410372852
2034,1410628188
2035,1410629594
2036,1410768507
2038,1410834184
2039,1410834897
2042,1410975885
2043,1411377309
2044,1411381021
2045,1411427861
2046,1411454594
2049,1412014130
2050,1412084159
2051,1412107722
2052,1412233720
2053,1412282391
2054,1412646767
2055,1412683009
2056,1412783501
2058,1412831068
2059,1412845388
2060,1413309518
2062,1413329024
2064,1413921474
2067,1414201251
2068,1414294684
2071,1414366688
2072,1414534793
2073,1415121049
2074,1415352000
2075,1415391723
2078,1415794178
2081,1415928471
2082,1416004950
2084,1416067472
2086,1416559040
2090,1416927258
2091,1416963981
2092,1417093409
2096,1419010889
2099,1419888958
2100,1419897551
2101,1420366412
2102,1420657370
2104,1420850931
2105,1420852275
2106,1421166494
2108,1422274754
2109,1422275380
2111,1422386468
2112,1422406832
2113,1422567483
2114,1423123616
2115,1423183480
2116,1423698524
2117,1423840425
2118,1423981973
2121,1424279323
2124,1424458723
2127,1424692114
2128,1424749585
2129,1424772958
2131,1424798741
2132,1424976542
2133,1425574168
2135,1425849411
2141,1426501711
2142,1426501846
2145,1426710443
2146,1426892874
2150,1427213194
2151,1427224822
2154,1427781308
2155,1427956553
2156,1428037419
2157,1428042077
2161,1428509412
2162,1428899630
2164,1428996972
2165,1429011748
2166,1429045225
2167,1429056084
2170,1429528776
2171,1429575758
2172,1429589664
2173,1429612495
2174,1429659817
2175,1429841877
2178,1430598554
2180,1430791473
2181,1430824617
2182,1431023022
2184,1431042372
2186,1431113803
2187,1431143580
2188,1431342420
2189,1431498059
2190,1431572375
2193,1432114703
2195,1432193275
2196,1432330151
2197,1433017505
2198,1433020943
2199,1433114904
2200,1433185372
2201,1433208625
2202,1433281485
2203,1433302576
2210,1433825232
2211,1433882757
2212,1433918723
2213,1433950163
2215,1434110989
2219,1435127968
2220,1435168672
2221,1435241230
2224,1435658404
2226,1435774951
2227,1435778530
2228,1435794390
2229,1435796294
2230,1435817600
2231,1435910125
2234,1437042617
2235,1437150619
2236,1437666395
2239,1438705991
2241,1438805911
2242,1438882880
2243,1439280977
2244,1439292413
2245,1439300898
2246,1439433894
2247,1439557998
2249,1439828652
2251,1439952423
2252,1440014947
2253,1440021525
2254,1440023544
2256,1440075462
2259,1440686801
2261,1440772347
2262,1440773765
2263,1440774898
2264,1441027327
2265,1441290727
2268,1441721280
2269,1441800987
2273,1441910740
2275,1442262094
2276,1442296478
2278,1442580621
2279,1442848225
2280,1442884404
2281,1443019437
2282,1443460788
2283,1443462439
2284,1443464876
2285,1443475505
2288,1444515384
2291,1444750865
2293,1444809417
2294,1444852248
2295,1445063573
2296,1445202514
2297,1445254738
2298,1445488282
2299,1445506134
2301,1445766262
2302,1445770363
2303,1445788000
2304,1445860035
2305,1445946485
2307,1446131545
2308,1446137857
2309,1446217672
2310,1446359193
2311,1446495894
2312,1446609196
2316,1446820492
2317,1447066770
2318,1447089991
2319,1447112176
2320,1447371458
2321,1447459927
2322,1447673883
2323,1447878593
2325,1447885316
2327,1447982171
2328,1448063289
2329,1448142076
2330,1448273026
2332,1448631722
2333,1449035645
2334,1449260353
2335,1449379733
2337,1449587692
2338,1449593846
2340,1449639237
2341,1449699186
2342,1449709171
2343,1450177614
2346,1450202386
2347,1450299670
2348,1450433871
2349,1450707470
2351,1451878440
2352,1452024868
2354,1452612043
2355,1453128869
2358,1453948500
2360,1454607182
2362,1454686325
2363,1454692157
2364,1454967374
2365,1455143093
2366,1455296367
2367,1455303128
2369,1455786792
2370,1456211950
2371,1456240397
2374,1456316888
2375,1456391899
2376,1456429505
2379,1457018532
2380,1457069538
2383,1457456414
2385,1457552716
2386,1457579485
2388,1457989587
2389,1458000154
2391,1458131689
2393,1458265180
2400,1458723626
2401,1458733259
2405,1459019065
2406,1459280154
2407,1459336887
2408,1459478645
2409,1459493991
2411,1460365424
2412,1460467931
2413,1460572550
2414,1461211640
2418,1461862630
2420,1462166034
2421,1462200990
2429,1463498376
2434,1464487019
2435,1464507141
2436,1464597561
2439,1464837440
2440,1464901292
2441,1464943051
2442,1464995136
2443,1465292569
2444,1465297268
2445,1465376219
2446,1465380181
2447,1465995386
2450,1466629900
2451,1466710363
2452,1466713062
2453,1466873368
2455,1467093696
2457,1467236840
2458,1467236938
2459,1467240230
2460,1467272353
2463,1467560297
2464,1467670861
2465,1467740283
2466,1467752668
2467,1467859862
2468,1467869682
2469,1467939319
2470,1467953988
2471,1467993127
2472,1468204311
2474,1468500736
2475,1468505165
2476,1468628752
2477,1468775370
2478,1468890721
2480,1468926699
2488,1469487944
2490,1469600230
2491,1469671154
2492,1469671780
2494,1469734527
2495,1469998306
2496,1470037959
2498,1470200474
2500,1470238745
2503,1470412860
2504,1470437311
2509,1470804936
2510,1470873038
2513,1471135595
2515,1471451692
2516,1471459434
2517,1471563712
2519,1471869936
2520,1471934674
2521,1471934987
2522,1471943552
2523,1471944815
2524,1471944926
2525,1471945016
2527,1472038492
2528,1472071501
2530,1472107212
2531,1472108324
2532,1472116261
2533,1472116578
2534,1472190418
2535,1472194712
2536,1472201834
2537,1472202502
2539,1472479763
2540,1472534169
2541,1472536704
2542,1472665211
2544,1472795141
2545,1472799226
2546,1472817363
2547,1472836594
2548,1472847781
2549,1472884763
2550,1473055523
2551,1473058897
2552,1473079383
2553,1473096017
2554,1473102866
2555,1473155999
2556,1473158634
2558,1473202636
2559,1473250495
2560,1473261179
2561,1473270038
2562,1473274471
2563,1473315599
2564,1473317861
2565,1473326980
2566,1473328296
2567,1473332411
2568,1473333508
2569,1473343132
2570,1473352025
2571,1473399221
2572,1473400232
2573,1473428148
2574,1473452440
2575,1473658494
2576,1473698808
2578,1473798632
2579,1473799778
2580,1473828480
2581,1473837178
2582,1473860338
2583,1473863451
2584,1473914897
2585,1473923763
2586,1474000518
2587,1474004677
2589,1474093106
2590,1474163490
2591,1474164991
2592,1474297275
2595,1474377197
2596,1474380659
2598,1474480869
2599,1474555009
2600,1474580314
2603,1474886923
2604,1474975431
2605,1475175332
2606,1475586012
2607,1475824673
2611,1476001471
2612,1476207081
2613,1476207082
2614,1476255751
2615,1476421143
2616,1476742129
2617,1476767649
2619,1477094488
2621,1477475117
2622,1477491469
2623,1477621788
2625,1478091542
2626,1478091844
2627,1478206350
2628,1478306989
2633,1479381110
2634,1479646861
2635,1480005539
2636,1480022936
2642,1481109804
2645,1481787400
2646,1481840568
2647,1481888023
2648,1482084305
2651,1482371247
2652,1482387338
2653,1482426200
2654,1482428431
2660,1483794874
2661,1484047255
2663,1484142067
2666,1484545885
2667,1484652917
2668,1484780148
2669,1484825437
2670,1484854366
2671,1485143985
2673,1485264452
2674,1485268405
2678,1485443815
2680,1485496994
2681,1485554563
2683,1486404101
2684,1486444982
2685,1486458481
2687,1486538398
2688,1486563839
2689,1486655253
2690,1486668842
2691,1486724921
2693,1487043193
2694,1487077940
2695,1487079529
2696,1487116886
2699,1487318057
2701,1487571776
2702,1487767320
2705,1487852679
2706,1487879666
2708,1488571170
2710,1488906386
2711,1488910744
2712,1488985488
2714,1489015074
2715,1489043575
2722,1489533371
2723,1489576303
2725,1489617295
2726,1489691705
2727,1489765720
2728,1489986786
2735,1490232440
2737,1490375777
2738,1490404338
2739,1490404936
2740,1490636136
2743,1491078647
2745,1491342938
2747,1491516118
2750,1491594549
2757,1492207120
2758,1492237858
2759,1492469141
2760,1492501747
2761,1492515079
2763,1492583642
2764,1492595656
2766,1493115522
2769,1493408690
2771,1493712958
2772,1493759982
2773,1493786103
2774,1493864913
2775,1493964723
2776,1493973048
2777,1493996983
2778,1494047312
2783,1494636206
2785,1495007113
2786,1495218781
2787,1495321630
2789,1495503902
2791,1495638228
2797,1496187140
2798,1496343970
2799,1496435098
2800,1496723997
2802,1496876722
2803,1496959724
2804,1497003621
2805,1497027009
2806,1497379362
2808,1497548782
2809,1497611254
2810,1497619458
2811,1497825404
2812,1497858698
2813,1497862480
2814,1498035618
2818,1498189303
2819,1498233961
2822,1498556410
2832,1499024257
2836,1499169053
2837,1499169331
2838,1499242726
2839,1499256863
2840,1499257037
2841,1499467710
2844,1499934848
2845,1500074400
2846,1500406486
2847,1500444894
2848,1500472133
2852,1500858625
2853,1500860009
2854,1500901692
2855,1500928583
2857,1501055826
2859,1501104347
2860,1501146860
2861,1501590201
2862,1501783297
2863,1501864277
2866,1501882274
2867,1501891132
2872,1502388449
2874,1502488973
2876,1502920368
2878,1503297195
2881,1503499585
2882,1503500108
2883,1503500593
2885,1504051321
2886,1504118384
2888,1504295547
2889,1504342701
2890,1504608796
2891,1504615301
2893,1504777836
2894,1504869989
2895,1505188319
2897,1505367396
2899,1505437219
2901,1505933656
2905,1506379309
2906,1506583766
2908,1506704449
2909,1506708875
2910,1506762704
2911,1506873368
2913,1506956268
2914,1507138909
2917,1507493540
2919,1508194727
2920,1508276956
2923,1508725509
2924,1509028314
2925,1509142563
2926,1509146588
2928,1509350382
2929,1509632411
2930,1509696980
2931,1509908211
2934,1510001087
2936,1510156311
2937,1510158658
2938,1510187517
2942,1510782475
2944,1510944405
2945,1511166229
2946,1511258818
2947,1511293694
2948,1511297088
2949,1511753182
2951,1512982269
2953,1513124684
2954,1513160767
2956,1513327435
2959,1513752398
2960,1513963067
2961,1513980624
2963,1515058090
2964,1515394261
2969,1516405120
2972,1517213809
2973,1517388314
2974,1517532121
2975,1517567266
2976,1517680886
2977,1518406847
2978,1518443831
2982,1519068486
2984,1519201307
2985,1519318742
2986,1519327557
2987,1519856560
2988,1519935493
2989,1519936490
2991,1519987533
2992,1520182305
2993,1520279306
2995,1520487096
2996,1520573331
2997,1520629223
2998,1520629559
3001,1521382403
3003,1521745930
3004,1521746127
3006,1521879381
3007,1522049458
3008,1522050131
3009,1522050417
3010,1522051743
3011,1522052288
3013,1522185696
3014,1522226903
3016,1522732857
3018,1522872566
3024,1524463524
3025,1524517643
3026,1524613088
3027,1524839479
3034,1525684888
3036,1525862894
3038,1525905586
3039,1525907520
3040,1525990901
3041,1526190471
3042,1526200322
3045,1526560993
3050,1526930735
3051,1526932519
3052,1527636986
3053,1527637077
3054,1527637224
3055,1527956876
3056,1528210989
3057,1528331829
3059,1528737697
3069,1529946777
3072,1530280811
3075,1530608043
3076,1530630889
3079,1530650478
3081,1530801628
3082,1530816781
3086,1531422659
3088,1531461557
3093,1531943571
3096,1532112355
3099,1532323854
3100,1532355201
3102,1532412492
3104,1532536052
3105,1532609586
3112,1533602804
3113,1533653893
3117,1534021122
3118,1534156458
3119,1534222311
3121,1534321188
3125,1534796017
3126,1534850143
3127,1535006219
3128,1535094175
3131,1535445161
3132,1535445181
3133,1535500339
3135,1535597898
3138,1536161852
3139,1536312756
3144,1536707692
3145,1536709627
3148,1536937290
3149,1536948892
3151,1537382274
3156,1537982450
3158,1538192849
3162,1539098280
3165,1539345482
3178,1539703458
3181,1540353639
3182,1540474870
3185,1541061935
3186,1541744823
3189,1542094289
3192,1542330977
3194,1542756073
3199,1543044938
3206,1543847021
3207,1543953972
3210,1544261586
3211,1544500439
3212,1544519705
3213,1544598019
3214,1544666913
3215,1544734473
3217,1544833616
3218,1545080157
3220,1545126922
3221,1545141350
3227,1545322100
3231,1546056328
3248,1547709023
3253,1548199288
3260,1548762329
3265,1548973024
3266,1548986062
3278,1550140992
3279,1550143544
3280,1550267369
3284,1550755498
3286,1550786427
3292,1551280275
3293,1551831647
3296,1551982061
3299,1552122606
3303,1552145364
3304,1552207633
3306,1552324598
3316,1552673938
3320,1552810889
3322,1552873969
3330,1553257194
3334,1553587135
3336,1553690183
3337,1553719444
3356,1554826812
3367,1555497816
3373,1556443150
3389,1557743867
3390,1557755584
3393,1557798104
3397,1558374216
3399,1558489339
3403,1558953146
3404,1558990100
3405,1559078500
3410,1559396006
3412,1559561961
3414,1559726894
3420,1559956194
3424,1560244888
3426,1560280314
